536.081226 16.683333 NaN
535.816893 16.691667 NaN
535.563975 16.700000 NaN
535.322759 16.708333 NaN
535.093530 16.716667 NaN
534.876577 16.725000 NaN
534.672193 16.733333 NaN
534.480669 16.741667 NaN
534.302301 16.750000 NaN
534.134733 16.758333 NaN
533.975622 16.766667 NaN
533.825290 16.775000 NaN
533.684060 16.783333 NaN
533.552259 16.791667 NaN
533.430215 16.800000 NaN
533.318261 16.808333 NaN
533.216730 16.816667 NaN
533.125962 16.825000 NaN
533.046296 16.833333 NaN
532.978075 16.841667 NaN
532.921645 16.850000 NaN
532.877356 16.858333 NaN
532.845559 16.866667 NaN
532.826609 16.875000 NaN
532.820864 16.883333 NaN
532.828685 16.891667 NaN
532.850434 16.900000 NaN
532.886479 16.908333 NaN
532.937188 16.916667 NaN
533.002935 16.925000 NaN
533.084094 16.933333 NaN
533.181043 16.941667 NaN
533.294164 16.950000 NaN
533.423840 16.958333 NaN
533.570459 16.966667 NaN
533.734410 16.975000 NaN
533.916086 16.983333 NaN
534.115884 16.991667 NaN
534.334201 17.000000 NaN
534.569875 17.008333 NaN
534.821661 17.016667 NaN
535.089834 17.025000 NaN
535.374671 17.033333 NaN
535.676451 17.041667 NaN
535.995455 17.050000 NaN
536.331964 17.058333 NaN
536.686264 17.066667 NaN
537.058638 17.075000 NaN
537.449375 17.083333 NaN
537.858764 17.091667 NaN
538.287096 17.100000 NaN
538.734664 17.108333 NaN
539.201763 17.116667 NaN
539.688689 17.125000 NaN
540.195744 17.133333 NaN
540.723226 17.141667 NaN
541.271442 17.150000 NaN
541.840696 17.158333 NaN
542.431296 17.166667 NaN
543.043556 17.175000 NaN
543.677787 17.183333 NaN
544.334306 17.191667 NaN
545.013433 17.200000 NaN
545.715491 17.208333 NaN
546.440804 17.216667 NaN
547.189702 17.225000 NaN
547.962516 17.233333 NaN
548.759583 17.241667 NaN
549.581242 17.250000 NaN
550.428929 17.258333 NaN
551.304113 17.266667 NaN
552.207189 17.275000 NaN
553.138553 17.283333 NaN
554.098603 17.291667 NaN
555.087741 17.300000 NaN
556.106373 17.308333 NaN
557.154908 17.316667 NaN
558.233759 17.325000 NaN
559.343342 17.333333 NaN
560.484078 17.341667 NaN
561.656395 17.350000 NaN
562.860721 17.358333 NaN
564.097494 17.366667 NaN
565.367155 17.375000 NaN
566.670153 17.383333 NaN
568.006941 17.391667 NaN
569.377982 17.400000 NaN
570.783744 17.408333 NaN
572.224704 17.416667 NaN
573.701347 17.425000 NaN
575.214167 17.433333 NaN
576.763668 17.441667 NaN
578.350363 17.450000 NaN
579.974776 17.458333 NaN
581.637443 17.466667 NaN
583.338912 17.475000 NaN
585.079743 17.483333 NaN
586.860510 17.491667 NaN
588.681800 17.500000 NaN
590.542115 17.508333 NaN
592.440180 17.516667 NaN
594.376938 17.525000 NaN
596.353350 17.533333 NaN
598.370393 17.541667 NaN
600.429065 17.550000 NaN
602.530379 17.558333 NaN
604.675372 17.566667 NaN
606.865103 17.575000 NaN
609.100653 17.583333 NaN
611.383129 17.591667 NaN
613.713665 17.600000 NaN
616.093422 17.608333 NaN
618.523592 17.616667 NaN
621.005401 17.625000 NaN
623.540106 17.633333 NaN
626.129003 17.641667 NaN
628.773425 17.650000 NaN
631.474748 17.658333 NaN
634.234389 17.666667 NaN
637.053815 17.675000 NaN
639.934540 17.683333 NaN
642.878129 17.691667 NaN
645.886207 17.700000 NaN
648.960453 17.708333 NaN
652.102612 17.716667 NaN
655.314495 17.725000 NaN
658.597980 17.733333 NaN
661.955024 17.741667 NaN
665.387660 17.750000 NaN
668.890930 17.758333 NaN
672.458910 17.766667 NaN
676.092244 17.775000 NaN
679.791569 17.783333 NaN
683.557517 17.791667 NaN
687.390713 17.800000 NaN
691.291775 17.808333 NaN
695.261312 17.816667 NaN
699.299925 17.825000 NaN
703.408206 17.833333 NaN
707.586737 17.841667 NaN
711.836090 17.850000 NaN
716.156823 17.858333 NaN
720.549484 17.866667 NaN
725.014610 17.875000 NaN
729.552722 17.883333 NaN
734.164327 17.891667 NaN
738.849917 17.900000 NaN
743.609971 17.908333 NaN
748.444947 17.916667 NaN
753.355288 17.925000 NaN
758.341420 17.933333 NaN
763.403749 17.941667 NaN
768.542659 17.950000 NaN
773.758517 17.958333 NaN
779.051665 17.966667 NaN
784.422426 17.975000 NaN
789.871098 17.983333 NaN
795.397954 17.991667 NaN
801.003244 18.000000 NaN
806.709246 18.008333 NaN
812.538647 18.016667 NaN
818.492264 18.025000 NaN
824.570870 18.033333 NaN
830.775191 18.041667 NaN
837.105899 18.050000 NaN
843.563607 18.058333 NaN
850.148858 18.066667 NaN
856.862127 18.075000 NaN
863.703805 18.083333 NaN
870.674197 18.091667 NaN
877.773513 18.100000 NaN
885.001861 18.108333 NaN
892.359238 18.116667 NaN
899.845524 18.125000 NaN
907.460471 18.133333 NaN
915.203697 18.141667 NaN
923.074677 18.150000 NaN
931.072732 18.158333 NaN
939.197023 18.166667 NaN
947.446542 18.175000 NaN
955.820099 18.183333 NaN
964.316318 18.191667 NaN
972.933628 18.200000 NaN
1165.473035 16.833333 NaN
1161.647099 16.841667 NaN
1157.852139 16.850000 NaN
1154.087298 16.858333 NaN
1150.351725 16.866667 NaN
1146.644576 16.875000 NaN
1142.965014 16.883333 NaN
1139.312206 16.891667 NaN
1135.685329 16.900000 NaN
1132.083564 16.908333 NaN
1128.506098 16.916667 NaN
1124.952126 16.925000 NaN
1121.420847 16.933333 NaN
1117.911468 16.941667 NaN
1114.423201 16.950000 NaN
1110.955262 16.958333 NaN
1107.506877 16.966667 NaN
1104.077273 16.975000 NaN
1100.665685 16.983333 NaN
1097.271355 16.991667 NaN
1093.893526 17.000000 NaN
1090.538738 17.008333 NaN
1087.213662 17.016667 NaN
1083.917756 17.025000 NaN
1080.650477 17.033333 NaN
1077.411291 17.041667 NaN
1074.199663 17.050000 NaN
1071.015065 17.058333 NaN
1067.856972 17.066667 NaN
1064.724861 17.075000 NaN
1061.618215 17.083333 NaN
1058.536520 17.091667 NaN
1055.479264 17.100000 NaN
1052.445941 17.108333 NaN
1049.436045 17.116667 NaN
1046.449077 17.125000 NaN
1043.484539 17.133333 NaN
1040.541936 17.141667 NaN
1037.620779 17.150000 NaN
1034.720580 17.158333 NaN
1031.840853 17.166667 NaN
1028.981118 17.175000 NaN
1026.140896 17.183333 NaN
1023.319712 17.191667 NaN
1020.517093 17.200000 NaN
1017.732569 17.208333 NaN
1014.965675 17.216667 NaN
1012.215944 17.225000 NaN
1009.482918 17.233333 NaN
1006.766136 17.241667 NaN
1004.065142 17.250000 NaN
1001.382038 17.258333 NaN
998.719070 17.266667 NaN
996.076012 17.275000 NaN
993.452651 17.283333 NaN
990.848783 17.291667 NaN
988.264214 17.300000 NaN
985.698762 17.308333 NaN
983.152253 17.316667 NaN
980.624525 17.325000 NaN
978.115424 17.333333 NaN
975.624804 17.341667 NaN
973.152530 17.350000 NaN
970.698475 17.358333 NaN
968.262520 17.366667 NaN
965.844554 17.375000 NaN
963.444475 17.383333 NaN
961.062189 17.391667 NaN
958.697607 17.400000 NaN
956.350651 17.408333 NaN
954.021247 17.416667 NaN
951.709330 17.425000 NaN
949.414840 17.433333 NaN
947.137725 17.441667 NaN
944.877940 17.450000 NaN
942.635444 17.458333 NaN
940.410204 17.466667 NaN
938.202191 17.475000 NaN
936.011384 17.483333 NaN
933.837765 17.491667 NaN
931.681324 17.500000 NaN
929.540287 17.508333 NaN
927.412853 17.516667 NaN
925.298977 17.525000 NaN
923.198625 17.533333 NaN
921.111770 17.541667 NaN
919.038393 17.550000 NaN
916.978485 17.558333 NaN
914.932042 17.566667 NaN
912.899071 17.575000 NaN
910.879584 17.583333 NaN
908.873602 17.591667 NaN
906.881152 17.600000 NaN
904.902270 17.608333 NaN
902.936996 17.616667 NaN
900.985380 17.625000 NaN
899.047477 17.633333 NaN
897.123348 17.641667 NaN
895.213061 17.650000 NaN
893.316690 17.658333 NaN
891.434316 17.666667 NaN
889.566024 17.675000 NaN
887.711907 17.683333 NaN
885.872062 17.691667 NaN
884.046591 17.700000 NaN
882.235603 17.708333 NaN
880.439212 17.716667 NaN
878.657537 17.725000 NaN
876.890700 17.733333 NaN
875.138830 17.741667 NaN
873.402060 17.750000 NaN
871.679033 17.758333 NaN
869.968278 17.766667 NaN
868.269766 17.775000 NaN
866.583473 17.783333 NaN
864.909379 17.791667 NaN
863.247469 17.800000 NaN
861.597732 17.808333 NaN
859.960161 17.816667 NaN
858.334753 17.825000 NaN
856.721511 17.833333 NaN
855.120441 17.841667 NaN
853.531551 17.850000 NaN
851.954856 17.858333 NaN
850.390372 17.866667 NaN
848.838121 17.875000 NaN
847.298128 17.883333 NaN
845.770420 17.891667 NaN
844.255030 17.900000 NaN
842.751992 17.908333 NaN
841.261344 17.916667 NaN
839.783128 17.925000 NaN
838.317389 17.933333 NaN
836.864175 17.941667 NaN
835.423536 17.950000 NaN
833.995526 17.958333 NaN
832.580202 17.966667 NaN
831.177622 17.975000 NaN
829.787851 17.983333 NaN
828.410951 17.991667 NaN
827.046990 18.000000 NaN
825.695215 18.008333 NaN
824.354834 18.016667 NaN
823.025866 18.025000 NaN
821.708330 18.033333 NaN
820.402250 18.041667 NaN
819.107653 18.050000 NaN
817.824568 18.058333 NaN
816.553026 18.066667 NaN
815.293063 18.075000 NaN
814.044716 18.083333 NaN
812.808026 18.091667 NaN
811.583034 18.100000 NaN
810.369788 18.108333 NaN
809.168333 18.116667 NaN
807.978722 18.125000 NaN
806.801006 18.133333 NaN
805.635240 18.141667 NaN
804.481483 18.150000 NaN
803.339793 18.158333 NaN
802.210233 18.166667 NaN
801.092867 18.175000 NaN
799.987761 18.183333 NaN
798.894983 18.191667 NaN
797.814603 18.200000 NaN
796.746694 18.208333 NaN
795.691330 18.216667 NaN
794.648588 18.225000 NaN
793.618543 18.233333 NaN
792.601278 18.241667 NaN
791.596873 18.250000 NaN
790.604769 18.258333 NaN
789.624405 18.266667 NaN
788.655861 18.275000 NaN
787.699222 18.283333 NaN
786.754571 18.291667 NaN
785.821996 18.300000 NaN
784.901589 18.308333 NaN
783.993439 18.316667 NaN
783.097644 18.325000 NaN
782.214298 18.333333 NaN
781.343501 18.341667 NaN
780.485355 18.350000 NaN
779.639962 18.358333 NaN
778.807427 18.366667 NaN
777.987859 18.375000 NaN
777.181367 18.383333 NaN
776.388063 18.391667 NaN
775.608059 18.400000 NaN
774.841472 18.408333 NaN
774.088419 18.416667 NaN
773.349019 18.425000 NaN
772.623394 18.433333 NaN
771.911666 18.441667 NaN
771.213961 18.450000 NaN
770.530405 18.458333 NaN
769.861127 18.466667 NaN
769.206256 18.475000 NaN
768.565925 18.483333 NaN
767.940266 18.491667 NaN
767.329416 18.500000 NaN
766.732892 18.508333 NaN
766.150236 18.516667 NaN
765.581618 18.525000 NaN
765.027211 18.533333 NaN
764.487191 18.541667 NaN
763.961738 18.550000 NaN
763.451033 18.558333 NaN
762.955258 18.566667 NaN
762.474601 18.575000 NaN
762.009251 18.583333 NaN
761.559400 18.591667 NaN
761.125242 18.600000 NaN
760.706974 18.608333 NaN
760.304794 18.616667 NaN
759.918906 18.625000 NaN
759.549514 18.633333 NaN
759.196825 18.641667 NaN
758.861049 18.650000 NaN
758.542398 18.658333 NaN
758.241086 18.666667 NaN
757.957332 18.675000 NaN
757.691354 18.683333 NaN
757.443376 18.691667 NaN
757.213621 18.700000 NaN
757.002318 18.708333 NaN
756.809696 18.716667 NaN
756.635988 18.725000 NaN
756.481427 18.733333 NaN
756.346252 18.741667 NaN
756.230702 18.750000 NaN
756.134318 18.758333 NaN
756.056688 18.766667 NaN
755.998122 18.775000 NaN
755.958938 18.783333 NaN
755.939454 18.791667 NaN
755.939996 18.800000 NaN
755.960890 18.808333 NaN
756.002469 18.816667 NaN
756.065069 18.825000 NaN
756.149031 18.833333 NaN
756.254700 18.841667 NaN
756.382424 18.850000 NaN
756.532557 18.858333 NaN
756.705457 18.866667 NaN
756.901485 18.875000 NaN
757.121008 18.883333 NaN
757.364396 18.891667 NaN
757.632025 18.900000 NaN
757.924275 18.908333 NaN
758.241530 18.916667 NaN
758.584179 18.925000 NaN
758.952616 18.933333 NaN
759.347238 18.941667 NaN
759.768450 18.950000 NaN
760.216657 18.958333 NaN
760.692274 18.966667 NaN
761.195718 18.975000 NaN
761.727410 18.983333 NaN
762.287778 18.991667 NaN
762.877255 19.000000 NaN
763.495327 19.008333 NaN
764.141552 19.016667 NaN
764.816474 19.025000 NaN
765.520646 19.033333 NaN
766.254627 19.041667 NaN
767.018984 19.050000 NaN
767.814292 19.058333 NaN
768.641131 19.066667 NaN
769.500093 19.075000 NaN
770.391774 19.083333 NaN
771.316780 19.091667 NaN
772.275725 19.100000 NaN
773.269229 19.108333 NaN
774.297923 19.116667 NaN
775.362446 19.125000 NaN
776.463445 19.133333 NaN
777.601575 19.141667 NaN
778.777502 19.150000 NaN
779.991899 19.158333 NaN
781.245449 19.166667 NaN
782.538845 19.175000 NaN
783.872790 19.183333 NaN
785.247993 19.191667 NaN
786.665179 19.200000 NaN
788.125077 19.208333 NaN
789.628431 19.216667 NaN
791.175993 19.225000 NaN
792.768527 19.233333 NaN
794.406806 19.241667 NaN
796.091617 19.250000 NaN
797.822100 19.258333 NaN
799.597485 19.266667 NaN
801.418707 19.275000 NaN
803.286715 19.283333 NaN
805.202471 19.291667 NaN
807.166952 19.300000 NaN
809.181148 19.308333 NaN
811.246066 19.316667 NaN
813.362723 19.325000 NaN
815.532158 19.333333 NaN
817.755420 19.341667 NaN
820.033576 19.350000 NaN
822.367710 19.358333 NaN
824.758921 19.366667 NaN
827.208328 19.375000 NaN
829.717063 19.383333 NaN
832.286281 19.391667 NaN
834.917152 19.400000 NaN
837.610866 19.408333 NaN
840.368631 19.416667 NaN
843.191677 19.425000 NaN
846.081254 19.433333 NaN
849.038630 19.441667 NaN
852.065099 19.450000 NaN
855.161973 19.458333 NaN
858.330589 19.466667 NaN
861.572306 19.475000 NaN
864.888508 19.483333 NaN
868.280603 19.491667 NaN
871.750024 19.500000 NaN
875.294234 19.508333 NaN
878.910765 19.516667 NaN
882.601197 19.525000 NaN
886.367131 19.533333 NaN
890.210200 19.541667 NaN
894.132061 19.550000 NaN
898.134402 19.558333 NaN
902.218940 19.566667 NaN
906.387424 19.575000 NaN
910.641631 19.583333 NaN
914.983374 19.591667 NaN
309.275477 16.941667 NaN
307.896946 16.950000 NaN
306.530409 16.958333 NaN
305.176016 16.966667 NaN
303.833916 16.975000 NaN
302.504258 16.983333 NaN
301.187189 16.991667 NaN
299.882856 17.000000 NaN
298.589717 17.008333 NaN
297.306254 17.016667 NaN
296.032654 17.025000 NaN
294.769103 17.033333 NaN
293.515784 17.041667 NaN
292.272883 17.050000 NaN
291.040581 17.058333 NaN
289.819062 17.066667 NaN
288.608506 17.075000 NaN
287.409092 17.083333 NaN
286.221000 17.091667 NaN
285.044406 17.100000 NaN
283.879486 17.108333 NaN
282.726415 17.116667 NaN
281.585365 17.125000 NaN
280.456507 17.133333 NaN
279.340010 17.141667 NaN
278.236043 17.150000 NaN
277.144769 17.158333 NaN
276.066354 17.166667 NaN
275.000957 17.175000 NaN
273.948739 17.183333 NaN
272.909856 17.191667 NaN
271.884461 17.200000 NaN
270.872708 17.208333 NaN
269.874745 17.216667 NaN
268.890719 17.225000 NaN
267.920773 17.233333 NaN
266.965049 17.241667 NaN
266.023683 17.250000 NaN
265.095438 17.258333 NaN
264.179122 17.266667 NaN
263.274939 17.275000 NaN
262.383089 17.283333 NaN
261.503768 17.291667 NaN
260.637172 17.300000 NaN
259.783490 17.308333 NaN
258.942911 17.316667 NaN
258.115618 17.325000 NaN
257.301791 17.333333 NaN
256.501607 17.341667 NaN
255.715239 17.350000 NaN
254.942855 17.358333 NaN
254.184619 17.366667 NaN
253.440693 17.375000 NaN
252.711232 17.383333 NaN
251.996389 17.391667 NaN
251.296309 17.400000 NaN
250.611137 17.408333 NaN
249.941008 17.416667 NaN
249.286058 17.425000 NaN
248.646412 17.433333 NaN
248.022196 17.441667 NaN
247.413525 17.450000 NaN
246.820513 17.458333 NaN
246.243268 17.466667 NaN
245.681890 17.475000 NaN
245.136477 17.483333 NaN
244.607119 17.491667 NaN
244.093901 17.500000 NaN
243.595828 17.508333 NaN
243.111964 17.516667 NaN
242.642477 17.525000 NaN
242.187530 17.533333 NaN
241.747277 17.541667 NaN
241.321869 17.550000 NaN
240.911449 17.558333 NaN
240.516154 17.566667 NaN
240.136114 17.575000 NaN
239.771454 17.583333 NaN
239.422291 17.591667 NaN
239.088736 17.600000 NaN
238.770894 17.608333 NaN
238.468860 17.616667 NaN
238.182726 17.625000 NaN
237.912575 17.633333 NaN
237.658483 17.641667 NaN
237.420521 17.650000 NaN
237.198752 17.658333 NaN
236.993229 17.666667 NaN
236.804003 17.675000 NaN
236.631116 17.683333 NaN
236.474601 17.691667 NaN
236.334487 17.700000 NaN
236.210794 17.708333 NaN
236.103536 17.716667 NaN
236.012721 17.725000 NaN
235.938349 17.733333 NaN
235.880413 17.741667 NaN
235.838900 17.750000 NaN
235.812964 17.758333 NaN
235.801826 17.766667 NaN
235.805567 17.775000 NaN
235.824259 17.783333 NaN
235.857965 17.791667 NaN
235.906743 17.800000 NaN
235.970640 17.808333 NaN
236.049700 17.816667 NaN
236.143954 17.825000 NaN
236.253430 17.833333 NaN
236.378146 17.841667 NaN
236.518113 17.850000 NaN
236.673336 17.858333 NaN
236.843813 17.866667 NaN
237.029532 17.875000 NaN
237.230477 17.883333 NaN
237.446624 17.891667 NaN
237.677944 17.900000 NaN
237.924398 17.908333 NaN
238.185944 17.916667 NaN
238.462533 17.925000 NaN
238.754108 17.933333 NaN
239.060607 17.941667 NaN
239.381965 17.950000 NaN
239.718106 17.958333 NaN
240.068955 17.966667 NaN
240.434426 17.975000 NaN
240.814430 17.983333 NaN
241.208876 17.991667 NaN
241.617663 18.000000 NaN
242.040007 18.008333 NaN
242.475192 18.016667 NaN
242.923220 18.025000 NaN
243.384083 18.033333 NaN
243.857771 18.041667 NaN
244.344263 18.050000 NaN
244.843535 18.058333 NaN
245.355556 18.066667 NaN
245.880287 18.075000 NaN
246.417688 18.083333 NaN
246.967708 18.091667 NaN
247.530295 18.100000 NaN
248.105389 18.108333 NaN
248.692928 18.116667 NaN
249.292841 18.125000 NaN
249.905057 18.133333 NaN
250.529498 18.141667 NaN
251.166082 18.150000 NaN
251.814724 18.158333 NaN
252.475334 18.166667 NaN
253.147820 18.175000 NaN
253.832086 18.183333 NaN
254.528033 18.191667 NaN
255.235559 18.200000 NaN
255.954558 18.208333 NaN
256.684925 18.216667 NaN
257.426549 18.225000 NaN
258.179320 18.233333 NaN
258.943123 18.241667 NaN
259.717845 18.250000 NaN
260.502606 18.258333 NaN
261.296600 18.266667 NaN
262.099818 18.275000 NaN
262.912245 18.283333 NaN
263.733861 18.291667 NaN
264.564643 18.300000 NaN
265.404564 18.308333 NaN
266.253592 18.316667 NaN
267.111691 18.325000 NaN
267.978824 18.333333 NaN
268.854948 18.341667 NaN
269.740019 18.350000 NaN
270.633990 18.358333 NaN
271.536810 18.366667 NaN
272.448427 18.375000 NaN
273.368787 18.383333 NaN
274.297833 18.391667 NaN
275.235507 18.400000 NaN
276.181751 18.408333 NaN
277.136503 18.416667 NaN
278.099703 18.425000 NaN
279.071288 18.433333 NaN
280.051195 18.441667 NaN
281.039361 18.450000 NaN
282.035724 18.458333 NaN
283.040219 18.466667 NaN
284.052785 18.475000 NaN
285.073358 18.483333 NaN
286.101879 18.491667 NaN
287.138286 18.500000 NaN
288.181186 18.508333 NaN
289.229261 18.516667 NaN
290.282558 18.525000 NaN
291.341124 18.533333 NaN
292.405001 18.541667 NaN
293.474233 18.550000 NaN
294.548860 18.558333 NaN
295.628920 18.566667 NaN
296.714451 18.575000 NaN
297.805491 18.583333 NaN
298.902076 18.591667 NaN
300.004241 18.600000 NaN
301.112023 18.608333 NaN
302.225458 18.616667 NaN
303.344580 18.625000 NaN
304.469428 18.633333 NaN
305.600039 18.641667 NaN
306.736451 18.650000 NaN
307.878706 18.658333 NaN
309.026843 18.666667 NaN
310.180908 18.675000 NaN
311.340946 18.683333 NaN
312.507006 18.691667 NaN
313.679139 18.700000 NaN
314.857400 18.708333 NaN
316.041845 18.716667 NaN
317.232537 18.725000 NaN
318.429540 18.733333 NaN
319.632924 18.741667 NaN
320.842763 18.750000 NaN
322.057677 18.758333 NaN
323.276177 18.766667 NaN
324.498174 18.775000 NaN
325.723576 18.783333 NaN
326.952288 18.791667 NaN
328.184215 18.800000 NaN
329.419259 18.808333 NaN
330.657319 18.816667 NaN
331.898291 18.825000 NaN
333.142073 18.833333 NaN
334.388555 18.841667 NaN
335.637630 18.850000 NaN
336.889185 18.858333 NaN
338.143109 18.866667 NaN
339.399284 18.875000 NaN
340.657595 18.883333 NaN
341.917921 18.891667 NaN
343.180141 18.900000 NaN
344.444131 18.908333 NaN
345.709767 18.916667 NaN
346.976921 18.925000 NaN
348.245464 18.933333 NaN
349.515265 18.941667 NaN
350.786191 18.950000 NaN
352.058108 18.958333 NaN
353.330879 18.966667 NaN
354.604367 18.975000 NaN
355.878431 18.983333 NaN
357.152931 18.991667 NaN
358.427723 19.000000 NaN
359.705380 19.008333 NaN
360.988452 19.016667 NaN
362.276761 19.025000 NaN
363.570122 19.033333 NaN
364.868346 19.041667 NaN
366.171237 19.050000 NaN
367.478593 19.058333 NaN
368.790205 19.066667 NaN
370.105860 19.075000 NaN
371.425335 19.083333 NaN
372.748404 19.091667 NaN
374.074831 19.100000 NaN
375.404375 19.108333 NaN
376.736787 19.116667 NaN
378.071810 19.125000 NaN
379.409182 19.133333 NaN
380.748630 19.141667 NaN
382.089877 19.150000 NaN
383.432636 19.158333 NaN
384.776614 19.166667 NaN
386.121507 19.175000 NaN
387.467008 19.183333 NaN
388.812797 19.191667 NaN
390.158551 19.200000 NaN
391.503936 19.208333 NaN
392.848610 19.216667 NaN
394.192225 19.225000 NaN
395.534425 19.233333 NaN
396.874844 19.241667 NaN
398.213110 19.250000 NaN
399.551723 19.258333 NaN
400.893372 19.266667 NaN
402.237961 19.275000 NaN
403.585388 19.283333 NaN
404.935542 19.291667 NaN
406.288309 19.300000 NaN
407.643564 19.308333 NaN
409.001180 19.316667 NaN
410.361020 19.325000 NaN
411.722942 19.333333 NaN
413.086796 19.341667 NaN
414.452426 19.350000 NaN
415.819669 19.358333 NaN
417.188356 19.366667 NaN
418.558310 19.375000 NaN
419.929347 19.383333 NaN
421.301279 19.391667 NaN
422.673908 19.400000 NaN
424.047030 19.408333 NaN
425.420436 19.416667 NaN
426.793908 19.425000 NaN
428.167223 19.433333 NaN
429.540151 19.441667 NaN
430.912454 19.450000 NaN
432.283890 19.458333 NaN
433.654208 19.466667 NaN
435.023152 19.475000 NaN
436.390460 19.483333 NaN
437.755862 19.491667 NaN
439.119083 19.500000 NaN
440.482352 19.508333 NaN
441.848004 19.516667 NaN
443.215918 19.525000 NaN
444.585971 19.533333 NaN
445.958042 19.541667 NaN
447.332006 19.550000 NaN
448.707738 19.558333 NaN
450.085111 19.566667 NaN
451.463998 19.575000 NaN
452.844270 19.583333 NaN
454.225797 19.591667 NaN
455.608448 19.600000 NaN
456.992091 19.608333 NaN
458.376591 19.616667 NaN
459.761813 19.625000 NaN
461.147621 19.633333 NaN
462.533877 19.641667 NaN
463.920441 19.650000 NaN
465.307172 19.658333 NaN
466.693929 19.666667 NaN
468.080567 19.675000 NaN
469.466942 19.683333 NaN
470.852906 19.691667 NaN
472.238312 19.700000 NaN
473.623009 19.708333 NaN
475.006847 19.716667 NaN
476.389673 19.725000 NaN
477.771332 19.733333 NaN
479.151668 19.741667 NaN
480.530525 19.750000 NaN
481.909529 19.758333 NaN
483.290323 19.766667 NaN
484.672770 19.775000 NaN
486.056738 19.783333 NaN
487.442097 19.791667 NaN
488.828718 19.800000 NaN
490.216479 19.808333 NaN
491.605258 19.816667 NaN
492.994936 19.825000 NaN
494.385397 19.833333 NaN
495.776528 19.841667 NaN
497.168218 19.850000 NaN
498.560359 19.858333 NaN
499.952847 19.866667 NaN
501.345577 19.875000 NaN
502.738449 19.883333 NaN
504.131366 19.891667 NaN
505.524232 19.900000 NaN
506.916954 19.908333 NaN
508.309440 19.916667 NaN
509.701603 19.925000 NaN
511.093357 19.933333 NaN
512.484617 19.941667 NaN
513.875302 19.950000 NaN
515.265333 19.958333 NaN
516.654633 19.966667 NaN
518.043127 19.975000 NaN
519.430744 19.983333 NaN
520.817411 19.991667 NaN
522.203063 20.000000 NaN
523.589197 20.008333 NaN
524.977284 20.016667 NaN
526.367214 20.025000 NaN
527.758880 20.033333 NaN
529.152173 20.041667 NaN
530.546987 20.050000 NaN
531.943214 20.058333 NaN
533.340750 20.066667 NaN
534.739488 20.075000 NaN
536.139326 20.083333 NaN
537.540159 20.091667 NaN
538.941884 20.100000 NaN
540.344399 20.108333 NaN
541.747603 20.116667 NaN
543.151393 20.125000 NaN
544.555670 20.133333 NaN
545.960333 20.141667 NaN
547.365284 20.150000 NaN
548.770423 20.158333 NaN
550.175653 20.166667 NaN
551.580874 20.175000 NaN
552.985992 20.183333 NaN
554.390908 20.191667 NaN
555.795527 20.200000 NaN
557.199753 20.208333 NaN
558.603492 20.216667 NaN
560.006648 20.225000 NaN
561.409128 20.233333 NaN
562.810838 20.241667 NaN
564.211685 20.250000 NaN
565.613334 20.258333 NaN
567.017447 20.266667 NaN
568.423922 20.275000 NaN
569.832660 20.283333 NaN
571.243561 20.291667 NaN
572.656527 20.300000 NaN
574.071457 20.308333 NaN
575.488254 20.316667 NaN
576.906820 20.325000 NaN
578.327058 20.333333 NaN
579.748869 20.341667 NaN
581.172157 20.350000 NaN
582.596826 20.358333 NaN
584.022780 20.366667 NaN
585.449922 20.375000 NaN
586.878157 20.383333 NaN
588.307389 20.391667 NaN
589.737525 20.400000 NaN
591.168469 20.408333 NaN
592.600128 20.416667 NaN
594.032407 20.425000 NaN
595.465213 20.433333 NaN
596.898452 20.441667 NaN
598.332033 20.450000 NaN
599.765861 20.458333 NaN
601.199845 20.466667 NaN
602.633893 20.475000 NaN
604.067912 20.483333 NaN
605.501812 20.491667 NaN
606.935501 20.500000 NaN
608.370752 20.508333 NaN
609.809333 20.516667 NaN
611.251153 20.525000 NaN
612.696119 20.533333 NaN
614.144137 20.541667 NaN
615.595117 20.550000 NaN
1065.712904 19.900000 NaN
1059.612983 19.908333 NaN
1053.594702 19.916667 NaN
1047.657255 19.925000 NaN
1041.799828 19.933333 NaN
1036.021593 19.941667 NaN
1030.321718 19.950000 NaN
1024.699359 19.958333 NaN
1019.153668 19.966667 NaN
1013.683791 19.975000 NaN
1008.288871 19.983333 NaN
1002.968043 19.991667 NaN
997.720445 20.000000 NaN
992.537563 20.008333 NaN
987.411328 20.016667 NaN
982.341519 20.025000 NaN
977.327896 20.033333 NaN
972.370197 20.041667 NaN
967.468140 20.050000 NaN
962.621424 20.058333 NaN
957.829731 20.066667 NaN
953.092727 20.075000 NaN
948.410060 20.083333 NaN
943.781368 20.091667 NaN
939.206270 20.100000 NaN
934.684376 20.108333 NaN
930.215284 20.116667 NaN
925.798580 20.125000 NaN
921.433839 20.133333 NaN
917.120630 20.141667 NaN
912.858511 20.150000 NaN
908.647031 20.158333 NaN
904.485736 20.166667 NaN
900.374162 20.175000 NaN
896.311840 20.183333 NaN
892.298297 20.191667 NaN
888.333055 20.200000 NaN
884.415632 20.208333 NaN
880.545542 20.216667 NaN
876.722296 20.225000 NaN
872.945405 20.233333 NaN
869.214375 20.241667 NaN
865.528712 20.250000 NaN
861.882472 20.258333 NaN
858.270038 20.266667 NaN
854.691387 20.275000 NaN
851.146483 20.283333 NaN
847.635272 20.291667 NaN
844.157686 20.300000 NaN
840.713640 20.308333 NaN
837.303040 20.316667 NaN
833.925775 20.325000 NaN
830.581722 20.333333 NaN
827.270748 20.341667 NaN
823.992707 20.350000 NaN
820.747444 20.358333 NaN
817.534792 20.366667 NaN
814.354577 20.375000 NaN
811.206613 20.383333 NaN
808.090709 20.391667 NaN
805.006664 20.400000 NaN
801.954270 20.408333 NaN
798.933312 20.416667 NaN
795.943568 20.425000 NaN
792.984811 20.433333 NaN
790.056807 20.441667 NaN
787.159320 20.450000 NaN
784.292104 20.458333 NaN
781.454913 20.466667 NaN
778.647495 20.475000 NaN
775.869594 20.483333 NaN
773.120952 20.491667 NaN
770.401305 20.500000 NaN
767.706120 20.508333 NaN
765.031132 20.516667 NaN
762.376475 20.525000 NaN
759.742263 20.533333 NaN
757.128598 20.541667 NaN
754.535565 20.550000 NaN
751.963235 20.558333 NaN
749.411666 20.566667 NaN
746.880900 20.575000 NaN
744.370970 20.583333 NaN
741.881894 20.591667 NaN
739.413680 20.600000 NaN
736.966322 20.608333 NaN
734.539805 20.616667 NaN
732.134105 20.625000 NaN
729.749185 20.633333 NaN
727.385000 20.641667 NaN
725.041497 20.650000 NaN
722.718612 20.658333 NaN
720.416274 20.666667 NaN
718.134405 20.675000 NaN
715.872917 20.683333 NaN
713.631718 20.691667 NaN
711.410706 20.700000 NaN
709.209775 20.708333 NaN
707.028812 20.716667 NaN
704.867698 20.725000 NaN
702.726309 20.733333 NaN
700.604515 20.741667 NaN
698.502181 20.750000 NaN
696.415232 20.758333 NaN
694.339901 20.766667 NaN
692.276499 20.775000 NaN
690.225316 20.783333 NaN
688.186622 20.791667 NaN
686.160664 20.800000 NaN
684.147671 20.808333 NaN
682.147852 20.816667 NaN
680.161398 20.825000 NaN
678.188480 20.833333 NaN
676.229254 20.841667 NaN
674.283857 20.850000 NaN
672.352411 20.858333 NaN
670.435021 20.866667 NaN
668.531778 20.875000 NaN
439.606381 16.850000 NaN
440.841493 16.858333 NaN
442.075747 16.866667 NaN
443.309030 16.875000 NaN
444.541233 16.883333 NaN
445.772245 16.891667 NaN
447.001956 16.900000 NaN
448.230255 16.908333 NaN
449.457032 16.916667 NaN
450.682175 16.925000 NaN
451.905573 16.933333 NaN
453.127117 16.941667 NaN
454.346694 16.950000 NaN
455.564193 16.958333 NaN
456.779504 16.966667 NaN
457.992514 16.975000 NaN
459.203112 16.983333 NaN
460.411186 16.991667 NaN
461.616624 17.000000 NaN
462.821096 17.008333 NaN
464.026281 17.016667 NaN
465.232083 17.025000 NaN
466.438404 17.033333 NaN
467.645147 17.041667 NaN
468.852215 17.050000 NaN
470.059513 17.058333 NaN
471.266943 17.066667 NaN
472.474409 17.075000 NaN
473.681815 17.083333 NaN
474.889066 17.091667 NaN
476.096066 17.100000 NaN
477.302719 17.108333 NaN
478.508930 17.116667 NaN
479.714604 17.125000 NaN
480.919644 17.133333 NaN
482.123957 17.141667 NaN
483.327447 17.150000 NaN
484.530019 17.158333 NaN
485.731578 17.166667 NaN
486.932030 17.175000 NaN
488.131279 17.183333 NaN
489.329231 17.191667 NaN
490.525791 17.200000 NaN
491.720864 17.208333 NaN
492.914356 17.216667 NaN
494.106171 17.225000 NaN
495.296216 17.233333 NaN
496.484396 17.241667 NaN
497.670615 17.250000 NaN
498.856449 17.258333 NaN
500.043478 17.266667 NaN
501.231616 17.275000 NaN
502.420775 17.283333 NaN
503.610869 17.291667 NaN
504.801811 17.300000 NaN
505.993518 17.308333 NaN
507.185902 17.316667 NaN
508.378879 17.325000 NaN
509.572365 17.333333 NaN
510.766275 17.341667 NaN
511.960525 17.350000 NaN
513.155031 17.358333 NaN
514.349710 17.366667 NaN
515.544478 17.375000 NaN
516.739254 17.383333 NaN
517.933954 17.391667 NaN
519.128496 17.400000 NaN
520.322797 17.408333 NaN
521.516777 17.416667 NaN
522.710354 17.425000 NaN
523.903445 17.433333 NaN
525.095971 17.441667 NaN
526.287850 17.450000 NaN
527.479002 17.458333 NaN
528.669346 17.466667 NaN
529.858802 17.475000 NaN
531.047290 17.483333 NaN
532.234730 17.491667 NaN
533.421042 17.500000 NaN
534.607733 17.508333 NaN
535.796311 17.516667 NaN
536.986697 17.525000 NaN
538.178816 17.533333 NaN
539.372591 17.541667 NaN
540.567946 17.550000 NaN
541.764807 17.558333 NaN
542.963099 17.566667 NaN
544.162749 17.575000 NaN
545.363684 17.583333 NaN
546.565831 17.591667 NaN
547.769118 17.600000 NaN
548.973474 17.608333 NaN
550.178829 17.616667 NaN
551.385112 17.625000 NaN
552.592254 17.633333 NaN
553.800186 17.641667 NaN
555.008840 17.650000 NaN
556.218148 17.658333 NaN
557.428042 17.666667 NaN
558.638457 17.675000 NaN
559.849325 17.683333 NaN
561.060583 17.691667 NaN
562.272164 17.700000 NaN
563.484005 17.708333 NaN
564.696042 17.716667 NaN
565.908211 17.725000 NaN
567.120450 17.733333 NaN
568.332697 17.741667 NaN
569.544890 17.750000 NaN
570.758446 17.758333 NaN
571.974781 17.766667 NaN
573.193830 17.775000 NaN
574.415530 17.783333 NaN
575.639819 17.791667 NaN
576.866636 17.800000 NaN
578.095921 17.808333 NaN
579.327617 17.816667 NaN
580.561666 17.825000 NaN
581.798011 17.833333 NaN
583.036598 17.841667 NaN
584.277373 17.850000 NaN
585.520283 17.858333 NaN
586.765277 17.866667 NaN
588.012306 17.875000 NaN
589.261319 17.883333 NaN
590.512270 17.891667 NaN
591.765111 17.900000 NaN
593.019798 17.908333 NaN
594.276287 17.916667 NaN
595.534535 17.925000 NaN
596.794500 17.933333 NaN
598.056143 17.941667 NaN
599.319424 17.950000 NaN
600.584306 17.958333 NaN
601.850753 17.966667 NaN
603.118729 17.975000 NaN
604.388201 17.983333 NaN
605.659137 17.991667 NaN
606.931506 18.000000 NaN
608.206493 18.008333 NaN
609.485280 18.016667 NaN
610.767830 18.025000 NaN
612.054109 18.033333 NaN
613.344084 18.041667 NaN
614.637728 18.050000 NaN
615.935013 18.058333 NaN
617.235915 18.066667 NaN
618.540412 18.075000 NaN
619.848487 18.083333 NaN
621.160123 18.091667 NaN
622.475307 18.100000 NaN
623.794029 18.108333 NaN
625.116280 18.116667 NaN
626.442057 18.125000 NaN
627.771357 18.133333 NaN
629.104181 18.141667 NaN
630.440534 18.150000 NaN
631.780422 18.158333 NaN
633.123857 18.166667 NaN
634.470850 18.175000 NaN
635.821419 18.183333 NaN
637.175583 18.191667 NaN
638.533365 18.200000 NaN
639.894792 18.208333 NaN
641.259893 18.216667 NaN
642.628701 18.225000 NaN
644.001253 18.233333 NaN
645.377588 18.241667 NaN
646.757751 18.250000 NaN
648.142184 18.258333 NaN
649.531311 18.266667 NaN
650.925163 18.275000 NaN
652.323773 18.283333 NaN
653.727181 18.291667 NaN
655.135432 18.300000 NaN
656.548578 18.308333 NaN
657.966678 18.316667 NaN
659.389796 18.325000 NaN
660.818002 18.333333 NaN
662.251374 18.341667 NaN
663.689996 18.350000 NaN
665.133958 18.358333 NaN
666.583357 18.366667 NaN
668.038299 18.375000 NaN
669.498894 18.383333 NaN
670.965262 18.391667 NaN
672.437529 18.400000 NaN
673.915829 18.408333 NaN
675.400303 18.416667 NaN
676.891102 18.425000 NaN
678.388384 18.433333 NaN
679.892313 18.441667 NaN
681.403066 18.450000 NaN
682.920825 18.458333 NaN
684.445783 18.466667 NaN
685.978140 18.475000 NaN
687.518109 18.483333 NaN
689.065909 18.491667 NaN
690.621771 18.500000 NaN
692.186014 18.508333 NaN
693.758730 18.516667 NaN
695.339814 18.525000 NaN
696.929156 18.533333 NaN
698.526651 18.541667 NaN
700.132188 18.550000 NaN
701.745658 18.558333 NaN
703.366949 18.566667 NaN
704.995949 18.575000 NaN
706.632546 18.583333 NaN
708.276624 18.591667 NaN
709.928069 18.600000 NaN
711.586762 18.608333 NaN
713.252588 18.616667 NaN
714.925426 18.625000 NaN
716.605156 18.633333 NaN
718.291657 18.641667 NaN
719.984806 18.650000 NaN
721.684478 18.658333 NaN
723.390549 18.666667 NaN
725.102892 18.675000 NaN
726.821377 18.683333 NaN
728.545877 18.691667 NaN
730.276259 18.700000 NaN
732.012391 18.708333 NaN
733.754140 18.716667 NaN
735.501371 18.725000 NaN
737.253945 18.733333 NaN
739.011726 18.741667 NaN
740.774572 18.750000 NaN
742.548893 18.758333 NaN
744.341030 18.766667 NaN
746.150738 18.775000 NaN
747.977768 18.783333 NaN
749.821861 18.791667 NaN
751.682753 18.800000 NaN
753.560171 18.808333 NaN
755.453835 18.816667 NaN
757.363454 18.825000 NaN
759.288730 18.833333 NaN
761.229356 18.841667 NaN
763.185014 18.850000 NaN
765.155377 18.858333 NaN
767.140104 18.866667 NaN
769.138848 18.875000 NaN
771.151246 18.883333 NaN
773.176926 18.891667 NaN
775.215503 18.900000 NaN
777.266577 18.908333 NaN
779.329739 18.916667 NaN
781.404563 18.925000 NaN
783.490610 18.933333 NaN
785.587429 18.941667 NaN
787.694550 18.950000 NaN
789.811492 18.958333 NaN
791.937757 18.966667 NaN
794.072830 18.975000 NaN
796.216181 18.983333 NaN
798.367265 18.991667 NaN
800.525518 19.000000 NaN
802.697988 19.008333 NaN
804.892110 19.016667 NaN
807.107887 19.025000 NaN
809.345318 19.033333 NaN
811.604398 19.041667 NaN
813.885115 19.050000 NaN
816.187455 19.058333 NaN
818.511395 19.066667 NaN
820.856910 19.075000 NaN
823.223966 19.083333 NaN
825.612524 19.091667 NaN
828.022539 19.100000 NaN
830.453956 19.108333 NaN
832.906717 19.116667 NaN
835.380753 19.125000 NaN
837.875988 19.133333 NaN
840.392339 19.141667 NaN
842.929713 19.150000 NaN
845.488007 19.158333 NaN
848.067111 19.166667 NaN
850.666904 19.175000 NaN
853.287254 19.183333 NaN
855.928019 19.191667 NaN
858.589048 19.200000 NaN
861.270176 19.208333 NaN
863.971227 19.216667 NaN
866.692013 19.225000 NaN
869.432335 19.233333 NaN
872.191979 19.241667 NaN
874.970719 19.250000 NaN
877.772883 19.258333 NaN
880.603162 19.266667 NaN
883.461860 19.275000 NaN
886.349275 19.283333 NaN
889.265705 19.291667 NaN
892.211438 19.300000 NaN
895.186761 19.308333 NaN
898.191954 19.316667 NaN
901.227292 19.325000 NaN
904.293044 19.333333 NaN
907.389473 19.341667 NaN
910.516833 19.350000 NaN
913.675373 19.358333 NaN
916.865333 19.366667 NaN
920.086945 19.375000 NaN
923.340432 19.383333 NaN
926.626008 19.391667 NaN
929.943877 19.400000 NaN
933.294232 19.408333 NaN
936.677255 19.416667 NaN
940.093118 19.425000 NaN
943.541979 19.433333 NaN
947.023983 19.441667 NaN
950.539263 19.450000 NaN
954.087936 19.458333 NaN
957.670105 19.466667 NaN
961.285857 19.475000 NaN
964.935264 19.483333 NaN
968.618378 19.491667 NaN
972.335237 19.500000 NaN
976.091243 19.508333 NaN
979.892123 19.516667 NaN
983.738377 19.525000 NaN
987.630505 19.533333 NaN
991.569006 19.541667 NaN
995.554375 19.550000 NaN
999.587105 19.558333 NaN
1003.667686 19.566667 NaN
1007.796606 19.575000 NaN
1011.974346 19.583333 NaN
1016.201384 19.591667 NaN
1020.478192 19.600000 NaN
1024.805236 19.608333 NaN
1029.182975 19.616667 NaN
1033.611861 19.625000 NaN
1038.092339 19.633333 NaN
1042.624844 19.641667 NaN
1047.209800 19.650000 NaN
1051.847624 19.658333 NaN
1056.538719 19.666667 NaN
1061.283478 19.675000 NaN
1066.082279 19.683333 NaN
1070.935488 19.691667 NaN
1075.843454 19.700000 NaN
1080.806512 19.708333 NaN
1085.824980 19.716667 NaN
1090.899157 19.725000 NaN
545.616528 20.441667 NaN
535.889491 20.450000 NaN
526.294699 20.458333 NaN
516.830989 20.466667 NaN
507.497200 20.475000 NaN
498.292167 20.483333 NaN
489.214729 20.491667 NaN
480.263728 20.500000 NaN
471.445885 20.508333 NaN
462.766517 20.516667 NaN
454.222462 20.525000 NaN
445.810691 20.533333 NaN
437.528306 20.541667 NaN
429.372536 20.550000 NaN
421.340729 20.558333 NaN
413.430349 20.566667 NaN
405.638973 20.575000 NaN
397.964286 20.583333 NaN
390.404076 20.591667 NaN
382.956232 20.600000 NaN
375.618741 20.608333 NaN
368.389683 20.616667 NaN
361.267227 20.625000 NaN
354.249630 20.633333 NaN
347.335233 20.641667 NaN
340.522458 20.650000 NaN
333.809805 20.658333 NaN
327.195851 20.666667 NaN
320.679246 20.675000 NaN
314.258708 20.683333 NaN
307.933027 20.691667 NaN
301.701058 20.700000 NaN
295.561718 20.708333 NaN
289.513989 20.716667 NaN
283.556910 20.725000 NaN
277.689580 20.733333 NaN
271.911154 20.741667 NaN
266.220839 20.750000 NaN
260.619452 20.758333 NaN
255.107976 20.766667 NaN
249.685969 20.775000 NaN
244.353068 20.783333 NaN
239.108984 20.791667 NaN
233.953509 20.800000 NaN
228.886512 20.808333 NaN
223.907945 20.816667 NaN
219.017837 20.825000 NaN
214.216303 20.833333 NaN
209.503541 20.841667 NaN
204.879832 20.850000 NaN
200.345544 20.858333 NaN
195.901131 20.866667 NaN
191.547138 20.875000 NaN
187.284194 20.883333 NaN
183.113022 20.891667 NaN
179.034430 20.900000 NaN
175.049319 20.908333 NaN
171.158677 20.916667 NaN
167.363581 20.925000 NaN
623.098164 16.716667 NaN
624.641025 16.725000 NaN
626.189721 16.733333 NaN
627.744224 16.741667 NaN
629.304504 16.750000 NaN
630.872856 16.758333 NaN
632.451660 16.766667 NaN
634.041001 16.775000 NaN
635.640957 16.783333 NaN
637.251591 16.791667 NaN
638.872957 16.800000 NaN
640.505099 16.808333 NaN
642.148048 16.816667 NaN
643.801822 16.825000 NaN
645.466429 16.833333 NaN
647.141862 16.841667 NaN
648.828102 16.850000 NaN
650.525117 16.858333 NaN
652.232858 16.866667 NaN
653.951265 16.875000 NaN
655.680262 16.883333 NaN
657.419757 16.891667 NaN
659.169642 16.900000 NaN
660.929793 16.908333 NaN
662.700070 16.916667 NaN
664.480316 16.925000 NaN
666.270354 16.933333 NaN
668.069991 16.941667 NaN
669.879015 16.950000 NaN
671.697194 16.958333 NaN
673.524278 16.966667 NaN
675.359995 16.975000 NaN
677.204054 16.983333 NaN
679.056142 16.991667 NaN
680.915925 17.000000 NaN
682.786673 17.008333 NaN
684.671948 17.016667 NaN
686.571836 17.025000 NaN
688.486416 17.033333 NaN
690.415761 17.041667 NaN
692.359936 17.050000 NaN
694.319000 17.058333 NaN
696.293003 17.066667 NaN
698.281990 17.075000 NaN
700.285995 17.083333 NaN
702.305045 17.091667 NaN
704.339159 17.100000 NaN
706.388345 17.108333 NaN
708.452604 17.116667 NaN
710.531925 17.125000 NaN
712.626288 17.133333 NaN
714.735664 17.141667 NaN
716.860012 17.150000 NaN
718.999278 17.158333 NaN
721.153400 17.166667 NaN
723.322301 17.175000 NaN
725.505895 17.183333 NaN
727.704079 17.191667 NaN
729.916741 17.200000 NaN
732.143754 17.208333 NaN
734.384975 17.216667 NaN
736.640250 17.225000 NaN
738.909409 17.233333 NaN
741.192265 17.241667 NaN
743.488617 17.250000 NaN
745.801986 17.258333 NaN
748.136121 17.266667 NaN
750.491153 17.275000 NaN
752.867206 17.283333 NaN
755.264400 17.291667 NaN
757.682848 17.300000 NaN
760.122658 17.308333 NaN
762.583933 17.316667 NaN
765.066769 17.325000 NaN
767.571255 17.333333 NaN
770.097472 17.341667 NaN
772.645496 17.350000 NaN
775.215393 17.358333 NaN
777.807224 17.366667 NaN
780.421038 17.375000 NaN
783.056878 17.383333 NaN
785.714777 17.391667 NaN
788.394757 17.400000 NaN
791.096833 17.408333 NaN
793.821007 17.416667 NaN
796.567272 17.425000 NaN
799.335609 17.433333 NaN
802.125987 17.441667 NaN
804.938364 17.450000 NaN
807.772685 17.458333 NaN
810.628881 17.466667 NaN
813.506871 17.475000 NaN
816.406559 17.483333 NaN
819.327836 17.491667 NaN
822.270575 17.500000 NaN
825.239161 17.508333 NaN
828.238215 17.516667 NaN
831.267954 17.525000 NaN
834.328591 17.533333 NaN
837.420334 17.541667 NaN
840.543386 17.550000 NaN
843.697946 17.558333 NaN
846.884206 17.566667 NaN
850.102351 17.575000 NaN
853.352562 17.583333 NaN
856.635012 17.591667 NaN
859.949865 17.600000 NaN
863.297281 17.608333 NaN
866.677409 17.616667 NaN
870.090389 17.625000 NaN
873.536355 17.633333 NaN
877.015428 17.641667 NaN
880.527721 17.650000 NaN
884.073335 17.658333 NaN
887.652361 17.666667 NaN
891.264878 17.675000 NaN
894.910952 17.683333 NaN
898.590638 17.691667 NaN
902.303975 17.700000 NaN
906.050989 17.708333 NaN
909.831692 17.716667 NaN
913.646080 17.725000 NaN
917.494133 17.733333 NaN
921.375815 17.741667 NaN
925.291072 17.750000 NaN
929.245770 17.758333 NaN
933.246067 17.766667 NaN
937.292331 17.775000 NaN
941.384924 17.783333 NaN
945.524203 17.791667 NaN
949.710521 17.800000 NaN
953.944224 17.808333 NaN
958.225651 17.816667 NaN
962.555134 17.825000 NaN
966.932999 17.833333 NaN
971.359562 17.841667 NaN
975.835129 17.850000 NaN
980.359999 17.858333 NaN
984.934460 17.866667 NaN
989.558786 17.875000 NaN
994.233244 17.883333 NaN
998.958086 17.891667 NaN
1003.733551 17.900000 NaN
1008.559863 17.908333 NaN
1013.437233 17.916667 NaN
1018.365855 17.925000 NaN
1023.345909 17.933333 NaN
1028.377554 17.941667 NaN
1033.460932 17.950000 NaN
1038.596167 17.958333 NaN
1043.783362 17.966667 NaN
1049.022599 17.975000 NaN
1054.313936 17.983333 NaN
1059.657411 17.991667 NaN
1065.053036 18.000000 NaN
1070.508986 18.008333 NaN
1076.033824 18.016667 NaN
1081.628117 18.025000 NaN
1087.292427 18.033333 NaN
1093.027302 18.041667 NaN
1098.833284 18.050000 NaN
1104.710901 18.058333 NaN
1110.660668 18.066667 NaN
1116.683088 18.075000 NaN
1122.778650 18.083333 NaN
1128.947826 18.091667 NaN
1135.191071 18.100000 NaN
1141.508824 18.108333 NaN
1147.901504 18.116667 NaN
1154.369508 18.125000 NaN
1160.913214 18.133333 NaN
1167.532976 18.141667 NaN
1174.229123 18.150000 NaN
1181.001959 18.158333 NaN
1187.851761 18.166667 NaN
1194.778778 18.175000 NaN
1201.783228 18.183333 NaN
1208.865299 18.191667 NaN
1216.025144 18.200000 NaN
1223.262884 18.208333 NaN
1230.578603 18.216667 NaN
1237.972346 18.225000 NaN
1245.444120 18.233333 NaN
1252.993892 18.241667 NaN
1260.621585 18.250000 NaN
1268.338840 18.258333 NaN
1276.157814 18.266667 NaN
1284.079151 18.275000 NaN
1292.103469 18.283333 NaN
1300.231356 18.291667 NaN
1308.463371 18.300000 NaN
1316.800038 18.308333 NaN
1325.241849 18.316667 NaN
1333.789256 18.325000 NaN
1342.442676 18.333333 NaN
1351.202483 18.341667 NaN
1360.069010 18.350000 NaN
1369.042544 18.358333 NaN
1378.123325 18.366667 NaN
1387.311546 18.375000 NaN
1396.607348 18.383333 NaN
1406.010817 18.391667 NaN
1415.521986 18.400000 NaN
1425.140830 18.408333 NaN
1434.867264 18.416667 NaN
1444.701142 18.425000 NaN
1454.642253 18.433333 NaN
1464.690322 18.441667 NaN
1474.845004 18.450000 NaN
1485.105886 18.458333 NaN
251.005034 16.941667 NaN
252.659214 16.950000 NaN
254.306467 16.958333 NaN
255.946627 16.966667 NaN
257.579530 16.975000 NaN
259.205010 16.983333 NaN
260.822902 16.991667 NaN
262.433040 17.000000 NaN
264.038171 17.008333 NaN
265.641052 17.016667 NaN
267.241529 17.025000 NaN
268.839447 17.033333 NaN
270.434650 17.041667 NaN
272.026979 17.050000 NaN
273.616277 17.058333 NaN
275.202383 17.066667 NaN
276.785133 17.075000 NaN
278.364365 17.083333 NaN
279.939911 17.091667 NaN
281.511603 17.100000 NaN
283.079272 17.108333 NaN
284.642745 17.116667 NaN
286.201847 17.125000 NaN
287.756401 17.133333 NaN
289.306228 17.141667 NaN
290.851147 17.150000 NaN
292.390973 17.158333 NaN
293.925522 17.166667 NaN
295.454603 17.175000 NaN
296.978027 17.183333 NaN
298.495601 17.191667 NaN
300.007128 17.200000 NaN
301.512412 17.208333 NaN
303.011252 17.216667 NaN
304.503446 17.225000 NaN
305.988791 17.233333 NaN
307.467078 17.241667 NaN
308.938100 17.250000 NaN
310.404322 17.258333 NaN
311.868270 17.266667 NaN
313.329822 17.275000 NaN
314.788859 17.283333 NaN
316.245258 17.291667 NaN
317.698899 17.300000 NaN
319.149658 17.308333 NaN
320.597414 17.316667 NaN
322.042042 17.325000 NaN
323.483420 17.333333 NaN
324.921423 17.341667 NaN
326.355925 17.350000 NaN
327.786802 17.358333 NaN
329.213927 17.366667 NaN
330.637173 17.375000 NaN
332.056412 17.383333 NaN
333.471516 17.391667 NaN
334.882356 17.400000 NaN
336.288803 17.408333 NaN
337.690724 17.416667 NaN
339.087991 17.425000 NaN
340.480469 17.433333 NaN
341.868027 17.441667 NaN
343.250532 17.450000 NaN
344.627848 17.458333 NaN
345.999842 17.466667 NaN
347.366377 17.475000 NaN
348.727317 17.483333 NaN
350.082525 17.491667 NaN
351.431863 17.500000 NaN
352.777351 17.508333 NaN
354.121034 17.516667 NaN
355.462805 17.525000 NaN
356.802563 17.533333 NaN
358.140203 17.541667 NaN
359.475621 17.550000 NaN
360.808713 17.558333 NaN
362.139376 17.566667 NaN
363.467505 17.575000 NaN
364.792996 17.583333 NaN
366.115745 17.591667 NaN
367.435648 17.600000 NaN
368.752600 17.608333 NaN
370.066496 17.616667 NaN
371.377231 17.625000 NaN
372.684702 17.633333 NaN
373.988801 17.641667 NaN
375.289425 17.650000 NaN
376.586467 17.658333 NaN
377.879822 17.666667 NaN
379.169384 17.675000 NaN
380.455046 17.683333 NaN
381.736702 17.691667 NaN
383.014246 17.700000 NaN
384.287570 17.708333 NaN
385.556567 17.716667 NaN
386.821130 17.725000 NaN
388.081152 17.733333 NaN
389.336523 17.741667 NaN
390.587137 17.750000 NaN
391.834774 17.758333 NaN
393.081225 17.766667 NaN
394.326397 17.775000 NaN
395.570197 17.783333 NaN
396.812534 17.791667 NaN
398.053315 17.800000 NaN
399.292447 17.808333 NaN
400.529839 17.816667 NaN
401.765398 17.825000 NaN
402.999035 17.833333 NaN
404.230656 17.841667 NaN
405.460171 17.850000 NaN
406.687488 17.858333 NaN
407.912517 17.866667 NaN
409.135166 17.875000 NaN
410.355344 17.883333 NaN
411.572961 17.891667 NaN
412.787926 17.900000 NaN
414.000149 17.908333 NaN
415.209537 17.916667 NaN
416.416002 17.925000 NaN
417.619452 17.933333 NaN
418.819797 17.941667 NaN
420.016946 17.950000 NaN
421.210809 17.958333 NaN
422.401295 17.966667 NaN
423.588314 17.975000 NaN
424.771775 17.983333 NaN
425.951587 17.991667 NaN
427.127660 18.000000 NaN
428.301618 18.008333 NaN
429.475088 18.016667 NaN
430.647985 18.025000 NaN
431.820225 18.033333 NaN
432.991725 18.041667 NaN
434.162400 18.050000 NaN
435.332167 18.058333 NaN
436.500944 18.066667 NaN
437.668648 18.075000 NaN
438.835197 18.083333 NaN
440.000509 18.091667 NaN
441.164502 18.100000 NaN
442.327096 18.108333 NaN
443.488210 18.116667 NaN
444.647762 18.125000 NaN
445.805673 18.133333 NaN
446.961862 18.141667 NaN
448.116250 18.150000 NaN
449.268756 18.158333 NaN
450.419302 18.166667 NaN
451.567809 18.175000 NaN
452.714197 18.183333 NaN
453.858388 18.191667 NaN
455.000303 18.200000 NaN
456.139865 18.208333 NaN
457.276994 18.216667 NaN
458.411612 18.225000 NaN
459.543643 18.233333 NaN
460.673008 18.241667 NaN
461.799630 18.250000 NaN
462.925018 18.258333 NaN
464.050682 18.266667 NaN
465.176543 18.275000 NaN
466.302524 18.283333 NaN
467.428550 18.291667 NaN
468.554545 18.300000 NaN
469.680433 18.308333 NaN
470.806140 18.316667 NaN
471.931592 18.325000 NaN
473.056713 18.333333 NaN
474.181433 18.341667 NaN
475.305677 18.350000 NaN
476.429374 18.358333 NaN
477.552453 18.366667 NaN
478.674840 18.375000 NaN
479.796467 18.383333 NaN
480.917263 18.391667 NaN
482.037157 18.400000 NaN
483.156081 18.408333 NaN
484.273965 18.416667 NaN
485.390742 18.425000 NaN
486.506342 18.433333 NaN
487.620699 18.441667 NaN
488.733744 18.450000 NaN
489.845412 18.458333 NaN
490.955634 18.466667 NaN
492.064347 18.475000 NaN
493.171483 18.483333 NaN
494.276977 18.491667 NaN
495.380764 18.500000 NaN
496.484258 18.508333 NaN
497.588869 18.516667 NaN
498.694526 18.525000 NaN
499.801161 18.533333 NaN
500.908706 18.541667 NaN
502.017092 18.550000 NaN
503.126254 18.558333 NaN
504.236125 18.566667 NaN
505.346641 18.575000 NaN
506.457736 18.583333 NaN
507.569348 18.591667 NaN
508.681413 18.600000 NaN
509.793870 18.608333 NaN
510.906658 18.616667 NaN
512.019716 18.625000 NaN
513.132984 18.633333 NaN
514.246404 18.641667 NaN
515.359917 18.650000 NaN
516.473466 18.658333 NaN
517.586995 18.666667 NaN
518.700447 18.675000 NaN
519.813768 18.683333 NaN
520.926902 18.691667 NaN
522.039797 18.700000 NaN
523.152399 18.708333 NaN
524.264657 18.716667 NaN
525.376518 18.725000 NaN
526.487931 18.733333 NaN
527.598848 18.741667 NaN
528.709217 18.750000 NaN
529.820347 18.758333 NaN
530.933536 18.766667 NaN
532.048724 18.775000 NaN
533.165853 18.783333 NaN
534.284865 18.791667 NaN
535.405703 18.800000 NaN
536.528313 18.808333 NaN
537.652641 18.816667 NaN
538.778634 18.825000 NaN
539.906243 18.833333 NaN
541.035416 18.841667 NaN
542.166107 18.850000 NaN
543.298266 18.858333 NaN
544.431850 18.866667 NaN
545.566813 18.875000 NaN
546.703112 18.883333 NaN
547.840706 18.891667 NaN
548.979554 18.900000 NaN
550.119617 18.908333 NaN
551.260858 18.916667 NaN
552.403240 18.925000 NaN
553.546728 18.933333 NaN
554.691288 18.941667 NaN
555.836890 18.950000 NaN
556.983500 18.958333 NaN
558.131091 18.966667 NaN
559.279635 18.975000 NaN
560.429104 18.983333 NaN
561.579473 18.991667 NaN
562.730719 19.000000 NaN
563.883961 19.008333 NaN
565.040301 19.016667 NaN
566.199696 19.025000 NaN
567.362106 19.033333 NaN
568.527492 19.041667 NaN
569.695817 19.050000 NaN
570.867049 19.058333 NaN
572.041156 19.066667 NaN
573.218110 19.075000 NaN
574.397885 19.083333 NaN
575.580457 19.091667 NaN
576.765807 19.100000 NaN
577.953915 19.108333 NaN
579.144768 19.116667 NaN
580.338351 19.125000 NaN
581.534656 19.133333 NaN
582.733675 19.141667 NaN
583.935404 19.150000 NaN
585.139842 19.158333 NaN
586.346991 19.166667 NaN
587.556854 19.175000 NaN
588.769440 19.183333 NaN
589.984758 19.191667 NaN
591.202823 19.200000 NaN
592.423651 19.208333 NaN
593.647262 19.216667 NaN
594.873678 19.225000 NaN
596.102926 19.233333 NaN
597.335036 19.241667 NaN
598.570039 19.250000 NaN
599.808429 19.258333 NaN
601.050673 19.266667 NaN
602.296780 19.275000 NaN
603.546762 19.283333 NaN
604.800641 19.291667 NaN
606.058444 19.300000 NaN
607.320209 19.308333 NaN
608.585979 19.316667 NaN
609.855806 19.325000 NaN
611.129748 19.333333 NaN
612.407873 19.341667 NaN
613.690256 19.350000 NaN
614.976983 19.358333 NaN
616.268144 19.366667 NaN
617.563841 19.375000 NaN
618.864183 19.383333 NaN
620.169290 19.391667 NaN
621.479288 19.400000 NaN
622.794315 19.408333 NaN
624.114516 19.416667 NaN
625.440049 19.425000 NaN
626.771080 19.433333 NaN
628.107783 19.441667 NaN
629.450347 19.450000 NaN
630.798967 19.458333 NaN
632.153852 19.466667 NaN
633.515222 19.475000 NaN
634.883305 19.483333 NaN
636.258346 19.491667 NaN
637.640598 19.500000 NaN
639.029692 19.508333 NaN
640.425052 19.516667 NaN
641.826629 19.525000 NaN
643.234374 19.533333 NaN
644.648237 19.541667 NaN
646.068166 19.550000 NaN
647.494109 19.558333 NaN
648.926015 19.566667 NaN
650.363829 19.575000 NaN
651.807498 19.583333 NaN
653.256964 19.591667 NaN
654.712174 19.600000 NaN
656.173068 19.608333 NaN
657.639590 19.616667 NaN
659.111680 19.625000 NaN
660.589278 19.633333 NaN
662.072324 19.641667 NaN
663.560754 19.650000 NaN
665.054508 19.658333 NaN
666.553519 19.666667 NaN
668.057725 19.675000 NaN
669.567057 19.683333 NaN
671.081451 19.691667 NaN
672.600837 19.700000 NaN
674.125146 19.708333 NaN
675.654308 19.716667 NaN
677.188252 19.725000 NaN
678.726905 19.733333 NaN
680.270193 19.741667 NaN
681.818043 19.750000 NaN
683.374808 19.758333 NaN
684.944857 19.766667 NaN
686.528122 19.775000 NaN
688.124528 19.783333 NaN
689.733993 19.791667 NaN
691.356423 19.800000 NaN
692.991712 19.808333 NaN
694.639748 19.816667 NaN
696.300404 19.825000 NaN
697.973544 19.833333 NaN
699.659018 19.841667 NaN
701.356665 19.850000 NaN
703.066311 19.858333 NaN
704.787768 19.866667 NaN
706.520836 19.875000 NaN
708.265297 19.883333 NaN
710.020923 19.891667 NaN
711.787468 19.900000 NaN
713.564669 19.908333 NaN
715.352251 19.916667 NaN
717.149918 19.925000 NaN
718.957360 19.933333 NaN
720.774247 19.941667 NaN
722.600234 19.950000 NaN
724.434954 19.958333 NaN
726.278023 19.966667 NaN
728.129039 19.975000 NaN
729.987577 19.983333 NaN
731.853193 19.991667 NaN
733.725425 20.000000 NaN
735.608925 20.008333 NaN
737.508686 20.016667 NaN
739.424727 20.025000 NaN
741.357066 20.033333 NaN
743.305714 20.041667 NaN
745.270676 20.050000 NaN
747.251953 20.058333 NaN
749.249539 20.066667 NaN
751.263422 20.075000 NaN
753.293585 20.083333 NaN
755.340004 20.091667 NaN
757.402645 20.100000 NaN
759.481472 20.108333 NaN
761.576437 20.116667 NaN
763.687487 20.125000 NaN
765.814559 20.133333 NaN
767.957583 20.141667 NaN
770.116480 20.150000 NaN
772.291162 20.158333 NaN
774.481530 20.166667 NaN
776.687477 20.175000 NaN
778.908887 20.183333 NaN
781.145629 20.191667 NaN
783.397567 20.200000 NaN
785.664550 20.208333 NaN
787.946417 20.216667 NaN
790.242995 20.225000 NaN
792.554098 20.233333 NaN
794.879529 20.241667 NaN
797.219076 20.250000 NaN
799.576961 20.258333 NaN
801.957638 20.266667 NaN
804.361233 20.275000 NaN
806.787868 20.283333 NaN
809.237660 20.291667 NaN
811.710724 20.300000 NaN
814.207170 20.308333 NaN
816.727101 20.316667 NaN
819.270620 20.325000 NaN
821.837821 20.333333 NaN
824.428793 20.341667 NaN
827.043621 20.350000 NaN
829.682383 20.358333 NaN
832.345150 20.366667 NaN
835.031988 20.375000 NaN
837.742953 20.383333 NaN
840.478098 20.391667 NaN
843.237464 20.400000 NaN
846.021087 20.408333 NaN
848.828992 20.416667 NaN
851.661197 20.425000 NaN
854.517710 20.433333 NaN
857.398529 20.441667 NaN
860.303643 20.450000 NaN
863.233029 20.458333 NaN
866.186655 20.466667 NaN
869.164475 20.475000 NaN
872.166433 20.483333 NaN
875.192461 20.491667 NaN
878.242477 20.500000 NaN
881.321264 20.508333 NaN
884.433855 20.516667 NaN
887.580535 20.525000 NaN
890.761587 20.533333 NaN
893.977291 20.541667 NaN
897.227922 20.550000 NaN
1002.871196 16.550000 NaN
1007.151802 16.558333 NaN
1011.484579 16.566667 NaN
1015.870019 16.575000 NaN
1020.308614 16.583333 NaN
1024.800849 16.591667 NaN
1029.347205 16.600000 NaN
1033.948157 16.608333 NaN
1038.604174 16.616667 NaN
1043.315717 16.625000 NaN
1048.083240 16.633333 NaN
1052.907189 16.641667 NaN
1057.788000 16.650000 NaN
1062.726097 16.658333 NaN
1067.721896 16.666667 NaN
1072.775800 16.675000 NaN
1077.888199 16.683333 NaN
1083.059469 16.691667 NaN
1088.289973 16.700000 NaN
1093.580056 16.708333 NaN
1098.930050 16.716667 NaN
1104.340264 16.725000 NaN
1109.810994 16.733333 NaN
1115.342512 16.741667 NaN
1120.935070 16.750000 NaN
1126.597223 16.758333 NaN
1132.337988 16.766667 NaN
1138.158290 16.775000 NaN
1144.059052 16.783333 NaN
1150.041194 16.791667 NaN
1156.105627 16.800000 NaN
1162.253259 16.808333 NaN
1168.484988 16.816667 NaN
1174.801704 16.825000 NaN
1181.204284 16.833333 NaN
1187.693595 16.841667 NaN
1194.270493 16.850000 NaN
1200.935815 16.858333 NaN
1207.690385 16.866667 NaN
1214.535007 16.875000 NaN
1221.470465 16.883333 NaN
1228.497525 16.891667 NaN
1235.616927 16.900000 NaN
1242.829386 16.908333 NaN
1250.135590 16.916667 NaN
1257.536201 16.925000 NaN
1265.031845 16.933333 NaN
1272.623120 16.941667 NaN
1280.310584 16.950000 NaN
1288.094761 16.958333 NaN
1295.976134 16.966667 NaN
1303.955143 16.975000 NaN
1312.032185 16.983333 NaN
1320.207608 16.991667 NaN
1328.481711 17.000000 NaN
652.845413 16.633333 NaN
656.174711 16.641667 NaN
659.532788 16.650000 NaN
662.919245 16.658333 NaN
666.333660 16.666667 NaN
669.775588 16.675000 NaN
673.244559 16.683333 NaN
676.740076 16.691667 NaN
680.261619 16.700000 NaN
683.808639 16.708333 NaN
687.380560 16.716667 NaN
690.976779 16.725000 NaN
694.596662 16.733333 NaN
698.239548 16.741667 NaN
701.904744 16.750000 NaN
705.599432 16.758333 NaN
709.331201 16.766667 NaN
713.099939 16.775000 NaN
716.905519 16.783333 NaN
720.747798 16.791667 NaN
724.626620 16.800000 NaN
728.541811 16.808333 NaN
732.493182 16.816667 NaN
736.480524 16.825000 NaN
740.503614 16.833333 NaN
744.562207 16.841667 NaN
748.656041 16.850000 NaN
752.784833 16.858333 NaN
756.948281 16.866667 NaN
761.146061 16.875000 NaN
765.377827 16.883333 NaN
769.643211 16.891667 NaN
773.941823 16.900000 NaN
778.273248 16.908333 NaN
782.637047 16.916667 NaN
787.032756 16.925000 NaN
791.459887 16.933333 NaN
795.917923 16.941667 NaN
800.406321 16.950000 NaN
804.924513 16.958333 NaN
809.471900 16.966667 NaN
814.047856 16.975000 NaN
818.651723 16.983333 NaN
823.282817 16.991667 NaN
827.940421 17.000000 NaN
832.632723 17.008333 NaN
837.368316 17.016667 NaN
842.147053 17.025000 NaN
846.968770 17.033333 NaN
851.833284 17.041667 NaN
856.740395 17.050000 NaN
861.689880 17.058333 NaN
866.681501 17.066667 NaN
871.714996 17.075000 NaN
876.790083 17.083333 NaN
881.906457 17.091667 NaN
887.063792 17.100000 NaN
892.261737 17.108333 NaN
897.499920 17.116667 NaN
902.777941 17.125000 NaN
908.095379 17.133333 NaN
913.451784 17.141667 NaN
918.846680 17.150000 NaN
924.279567 17.158333 NaN
929.749914 17.166667 NaN
935.257164 17.175000 NaN
940.800730 17.183333 NaN
946.379997 17.191667 NaN
951.994318 17.200000 NaN
957.643018 17.208333 NaN
963.325390 17.216667 NaN
969.040695 17.225000 NaN
974.788161 17.233333 NaN
980.566986 17.241667 NaN
986.376334 17.250000 NaN
992.226011 17.258333 NaN
998.126252 17.266667 NaN
1004.076822 17.275000 NaN
1010.077466 17.283333 NaN
1016.127902 17.291667 NaN
1022.227830 17.300000 NaN
1028.376922 17.308333 NaN
1034.574829 17.316667 NaN
1040.821175 17.325000 NaN
1047.115559 17.333333 NaN
1053.457554 17.341667 NaN
1059.846706 17.350000 NaN
1066.282535 17.358333 NaN
1072.764532 17.366667 NaN
1079.292159 17.375000 NaN
1085.864849 17.383333 NaN
1092.482008 17.391667 NaN
1099.143009 17.400000 NaN
1105.847195 17.408333 NaN
1112.593879 17.416667 NaN
1119.382341 17.425000 NaN
1126.211831 17.433333 NaN
1133.081565 17.441667 NaN
1139.990726 17.450000 NaN
1146.938463 17.458333 NaN
1153.923895 17.466667 NaN
1160.946102 17.475000 NaN
1168.004132 17.483333 NaN
1175.097000 17.491667 NaN
1182.223682 17.500000 NaN
1189.395886 17.508333 NaN
1196.625766 17.516667 NaN
1203.912925 17.525000 NaN
617.363836 16.591667 NaN
618.644456 16.600000 NaN
619.956771 16.608333 NaN
621.301523 16.616667 NaN
622.679461 16.625000 NaN
624.091344 16.633333 NaN
625.537937 16.641667 NaN
627.020016 16.650000 NaN
628.538365 16.658333 NaN
630.093776 16.666667 NaN
631.687053 16.675000 NaN
633.319007 16.683333 NaN
634.990459 16.691667 NaN
636.702243 16.700000 NaN
638.455199 16.708333 NaN
640.250180 16.716667 NaN
642.088052 16.725000 NaN
643.969688 16.733333 NaN
645.895976 16.741667 NaN
647.867814 16.750000 NaN
649.879891 16.758333 NaN
651.927093 16.766667 NaN
654.010638 16.775000 NaN
656.131760 16.783333 NaN
658.291709 16.791667 NaN
660.491752 16.800000 NaN
662.733172 16.808333 NaN
665.017271 16.816667 NaN
667.345369 16.825000 NaN
669.718803 16.833333 NaN
672.138932 16.841667 NaN
674.607132 16.850000 NaN
677.124802 16.858333 NaN
679.693361 16.866667 NaN
682.314250 16.875000 NaN
684.988934 16.883333 NaN
687.718901 16.891667 NaN
690.505664 16.900000 NaN
693.350762 16.908333 NaN
696.255759 16.916667 NaN
699.222248 16.925000 NaN
702.251853 16.933333 NaN
705.346224 16.941667 NaN
708.507045 16.950000 NaN
711.736034 16.958333 NaN
715.034939 16.966667 NaN
718.405548 16.975000 NaN
721.849685 16.983333 NaN
725.369211 16.991667 NaN
728.966029 17.000000 NaN
732.632629 17.008333 NaN
736.360828 17.016667 NaN
740.151559 17.025000 NaN
744.005767 17.033333 NaN
747.924405 17.041667 NaN
751.908438 17.050000 NaN
755.958839 17.058333 NaN
760.076596 17.066667 NaN
764.262704 17.075000 NaN
768.518170 17.083333 NaN
772.844014 17.091667 NaN
777.241266 17.100000 NaN
781.710968 17.108333 NaN
786.254175 17.116667 NaN
790.871954 17.125000 NaN
795.565383 17.133333 NaN
800.335556 17.141667 NaN
805.183577 17.150000 NaN
810.110566 17.158333 NaN
815.117656 17.166667 NaN
820.205994 17.175000 NaN
825.376740 17.183333 NaN
830.631073 17.191667 NaN
835.970183 17.200000 NaN
841.395277 17.208333 NaN
846.907580 17.216667 NaN
852.508330 17.225000 NaN
858.198785 17.233333 NaN
863.980218 17.241667 NaN
869.853920 17.250000 NaN
875.833082 17.258333 NaN
881.930390 17.266667 NaN
888.146374 17.275000 NaN
894.481538 17.283333 NaN
900.936351 17.291667 NaN
907.511250 17.300000 NaN
914.206637 17.308333 NaN
921.022870 17.316667 NaN
927.960268 17.325000 NaN
935.019102 17.333333 NaN
942.199591 17.341667 NaN
949.501905 17.350000 NaN
956.926155 17.358333 NaN
964.472393 17.366667 NaN
1171.276716 17.025000 NaN
1167.023357 17.033333 NaN
1162.796308 17.041667 NaN
1158.595986 17.050000 NaN
1154.422781 17.058333 NaN
1150.277062 17.066667 NaN
1146.159172 17.075000 NaN
1142.069432 17.083333 NaN
1138.008142 17.091667 NaN
1133.975578 17.100000 NaN
1129.971996 17.108333 NaN
1125.997633 17.116667 NaN
1122.052702 17.125000 NaN
1118.137402 17.133333 NaN
1114.251910 17.141667 NaN
1110.396387 17.150000 NaN
1106.570973 17.158333 NaN
1102.775796 17.166667 NaN
1099.010964 17.175000 NaN
1095.276571 17.183333 NaN
1091.572696 17.191667 NaN
1087.899401 17.200000 NaN
1084.256738 17.208333 NaN
1080.644742 17.216667 NaN
1077.063436 17.225000 NaN
1073.512832 17.233333 NaN
1069.992926 17.241667 NaN
1066.503708 17.250000 NaN
1063.038676 17.258333 NaN
1059.591730 17.266667 NaN
1056.163430 17.275000 NaN
1052.754305 17.283333 NaN
1049.364862 17.291667 NaN
1045.995578 17.300000 NaN
1042.646908 17.308333 NaN
1039.319278 17.316667 NaN
1036.013095 17.325000 NaN
1032.728739 17.333333 NaN
1029.466568 17.341667 NaN
1026.226920 17.350000 NaN
1023.010108 17.358333 NaN
1019.816427 17.366667 NaN
1016.646152 17.375000 NaN
1013.499535 17.383333 NaN
1010.376813 17.391667 NaN
1007.278204 17.400000 NaN
1004.203906 17.408333 NaN
1001.154103 17.416667 NaN
998.128961 17.425000 NaN
995.128629 17.433333 NaN
992.153244 17.441667 NaN
989.202927 17.450000 NaN
986.277782 17.458333 NaN
983.377903 17.466667 NaN
980.503371 17.475000 NaN
977.654252 17.483333 NaN
974.830602 17.491667 NaN
972.032465 17.500000 NaN
969.252930 17.508333 NaN
966.485434 17.516667 NaN
963.730515 17.525000 NaN
960.988688 17.533333 NaN
958.260442 17.541667 NaN
955.546245 17.550000 NaN
952.846543 17.558333 NaN
950.161758 17.566667 NaN
947.492291 17.575000 NaN
944.838524 17.583333 NaN
942.200816 17.591667 NaN
939.579507 17.600000 NaN
936.974918 17.608333 NaN
934.387352 17.616667 NaN
931.817093 17.625000 NaN
929.264406 17.633333 NaN
926.729541 17.641667 NaN
924.212731 17.650000 NaN
921.714193 17.658333 NaN
919.234126 17.666667 NaN
916.772718 17.675000 NaN
914.330140 17.683333 NaN
911.906549 17.691667 NaN
909.502090 17.700000 NaN
907.116894 17.708333 NaN
904.751079 17.716667 NaN
902.404753 17.725000 NaN
900.078009 17.733333 NaN
897.770933 17.741667 NaN
895.483598 17.750000 NaN
893.213475 17.758333 NaN
890.957821 17.766667 NaN
888.716380 17.775000 NaN
886.488895 17.783333 NaN
884.275112 17.791667 NaN
882.074775 17.800000 NaN
879.887630 17.808333 NaN
877.713421 17.816667 NaN
875.551897 17.825000 NaN
873.402802 17.833333 NaN
871.265883 17.841667 NaN
869.140888 17.850000 NaN
867.027564 17.858333 NaN
864.925658 17.866667 NaN
862.834920 17.875000 NaN
860.755098 17.883333 NaN
858.685940 17.891667 NaN
856.627196 17.900000 NaN
854.578616 17.908333 NaN
852.539949 17.916667 NaN
850.510946 17.925000 NaN
848.491359 17.933333 NaN
846.480938 17.941667 NaN
844.479435 17.950000 NaN
842.486601 17.958333 NaN
840.502190 17.966667 NaN
838.525954 17.975000 NaN
836.557645 17.983333 NaN
834.597019 17.991667 NaN
832.643829 18.000000 NaN
830.704075 18.008333 NaN
828.783477 18.016667 NaN
826.881374 18.025000 NaN
824.997118 18.033333 NaN
823.130070 18.041667 NaN
821.279607 18.050000 NaN
819.445113 18.058333 NaN
817.625985 18.066667 NaN
815.821629 18.075000 NaN
814.031461 18.083333 NaN
812.254908 18.091667 NaN
810.491403 18.100000 NaN
808.740390 18.108333 NaN
807.001322 18.116667 NaN
805.273659 18.125000 NaN
803.556870 18.133333 NaN
801.850429 18.141667 NaN
800.153821 18.150000 NaN
798.466537 18.158333 NaN
796.788074 18.166667 NaN
795.117936 18.175000 NaN
793.455636 18.183333 NaN
791.800691 18.191667 NaN
790.152624 18.200000 NaN
788.510966 18.208333 NaN
786.875253 18.216667 NaN
785.245027 18.225000 NaN
783.619835 18.233333 NaN
781.999231 18.241667 NaN
780.382773 18.250000 NaN
778.773952 18.258333 NaN
777.176432 18.266667 NaN
775.590042 18.275000 NaN
774.014617 18.283333 NaN
772.449996 18.291667 NaN
770.896026 18.300000 NaN
769.352557 18.308333 NaN
767.819448 18.316667 NaN
766.296559 18.325000 NaN
764.783759 18.333333 NaN
763.280919 18.341667 NaN
761.787917 18.350000 NaN
760.304634 18.358333 NaN
758.830957 18.366667 NaN
757.366776 18.375000 NaN
755.911986 18.383333 NaN
754.466486 18.391667 NaN
753.030181 18.400000 NaN
751.602977 18.408333 NaN
750.184785 18.416667 NaN
748.775521 18.425000 NaN
747.375104 18.433333 NaN
745.983455 18.441667 NaN
744.600500 18.450000 NaN
743.226169 18.458333 NaN
741.860393 18.466667 NaN
740.503109 18.475000 NaN
739.154256 18.483333 NaN
737.813775 18.491667 NaN
736.481610 18.500000 NaN
735.156352 18.508333 NaN
733.836660 18.516667 NaN
732.522586 18.525000 NaN
731.214187 18.533333 NaN
729.911524 18.541667 NaN
728.614661 18.550000 NaN
727.323668 18.558333 NaN
726.038617 18.566667 NaN
724.759586 18.575000 NaN
723.486654 18.583333 NaN
722.219906 18.591667 NaN
720.959431 18.600000 NaN
719.705318 18.608333 NaN
718.457665 18.616667 NaN
717.216570 18.625000 NaN
715.982135 18.633333 NaN
714.754466 18.641667 NaN
713.533673 18.650000 NaN
712.319868 18.658333 NaN
711.113168 18.666667 NaN
709.913691 18.675000 NaN
708.721561 18.683333 NaN
707.536902 18.691667 NaN
706.359845 18.700000 NaN
705.190521 18.708333 NaN
704.029064 18.716667 NaN
702.875614 18.725000 NaN
701.730310 18.733333 NaN
700.593298 18.741667 NaN
699.464722 18.750000 NaN
698.343262 18.758333 NaN
697.227517 18.766667 NaN
696.117520 18.775000 NaN
695.013306 18.783333 NaN
693.914911 18.791667 NaN
692.822376 18.800000 NaN
691.735742 18.808333 NaN
690.655052 18.816667 NaN
689.580353 18.825000 NaN
688.511691 18.833333 NaN
687.449117 18.841667 NaN
686.392683 18.850000 NaN
685.342442 18.858333 NaN
684.298450 18.866667 NaN
683.260765 18.875000 NaN
682.229446 18.883333 NaN
681.204555 18.891667 NaN
680.186154 18.900000 NaN
679.174310 18.908333 NaN
678.169088 18.916667 NaN
677.170557 18.925000 NaN
676.178788 18.933333 NaN
675.193852 18.941667 NaN
674.215823 18.950000 NaN
673.244776 18.958333 NaN
672.280788 18.966667 NaN
671.323936 18.975000 NaN
670.374302 18.983333 NaN
669.431966 18.991667 NaN
668.497011 19.000000 NaN
667.568583 19.008333 NaN
666.645808 19.016667 NaN
665.728742 19.025000 NaN
664.817445 19.033333 NaN
663.911976 19.041667 NaN
663.012397 19.050000 NaN
662.118771 19.058333 NaN
661.231162 19.066667 NaN
660.349635 19.075000 NaN
659.474258 19.083333 NaN
658.605099 19.091667 NaN
657.742229 19.100000 NaN
656.885717 19.108333 NaN
656.035637 19.116667 NaN
655.192062 19.125000 NaN
654.355068 19.133333 NaN
653.524731 19.141667 NaN
652.701128 19.150000 NaN
651.884338 19.158333 NaN
651.074440 19.166667 NaN
650.271517 19.175000 NaN
649.475651 19.183333 NaN
648.686924 19.191667 NaN
647.905422 19.200000 NaN
647.131229 19.208333 NaN
646.364434 19.216667 NaN
645.605123 19.225000 NaN
644.853386 19.233333 NaN
644.109311 19.241667 NaN
643.372991 19.250000 NaN
642.643657 19.258333 NaN
641.920544 19.266667 NaN
641.203749 19.275000 NaN
640.493371 19.283333 NaN
639.789509 19.291667 NaN
639.092263 19.300000 NaN
638.401737 19.308333 NaN
637.718032 19.316667 NaN
637.041254 19.325000 NaN
636.371508 19.333333 NaN
635.708902 19.341667 NaN
635.053544 19.350000 NaN
634.405542 19.358333 NaN
633.765008 19.366667 NaN
633.132054 19.375000 NaN
632.506792 19.383333 NaN
631.889336 19.391667 NaN
631.279802 19.400000 NaN
630.678306 19.408333 NaN
630.084966 19.416667 NaN
629.499900 19.425000 NaN
628.923228 19.433333 NaN
628.355070 19.441667 NaN
627.795549 19.450000 NaN
627.244787 19.458333 NaN
626.702908 19.466667 NaN
626.170037 19.475000 NaN
625.646300 19.483333 NaN
625.131823 19.491667 NaN
624.626734 19.500000 NaN
624.130243 19.508333 NaN
623.641578 19.516667 NaN
623.160895 19.525000 NaN
622.688354 19.533333 NaN
622.224116 19.541667 NaN
621.768344 19.550000 NaN
621.321200 19.558333 NaN
620.882851 19.566667 NaN
620.453463 19.575000 NaN
620.033206 19.583333 NaN
619.622248 19.591667 NaN
619.220763 19.600000 NaN
618.828923 19.608333 NaN
618.446902 19.616667 NaN
618.074877 19.625000 NaN
617.713027 19.633333 NaN
617.361530 19.641667 NaN
617.020568 19.650000 NaN
616.690322 19.658333 NaN
616.370978 19.666667 NaN
616.062720 19.675000 NaN
615.765736 19.683333 NaN
615.480214 19.691667 NaN
615.206344 19.700000 NaN
614.944318 19.708333 NaN
614.694329 19.716667 NaN
614.456572 19.725000 NaN
614.231242 19.733333 NaN
614.018537 19.741667 NaN
613.818656 19.750000 NaN
613.630712 19.758333 NaN
613.453853 19.766667 NaN
613.288334 19.775000 NaN
613.134411 19.783333 NaN
612.992344 19.791667 NaN
612.862393 19.800000 NaN
612.744823 19.808333 NaN
612.639900 19.816667 NaN
612.547895 19.825000 NaN
612.469077 19.833333 NaN
612.403723 19.841667 NaN
612.352108 19.850000 NaN
612.314512 19.858333 NaN
612.291218 19.866667 NaN
612.282510 19.875000 NaN
612.288676 19.883333 NaN
612.310005 19.891667 NaN
612.346792 19.900000 NaN
612.399330 19.908333 NaN
612.467919 19.916667 NaN
612.552860 19.925000 NaN
612.654457 19.933333 NaN
612.773016 19.941667 NaN
612.908846 19.950000 NaN
613.062260 19.958333 NaN
613.233572 19.966667 NaN
613.423101 19.975000 NaN
613.631168 19.983333 NaN
613.858096 19.991667 NaN
614.104211 20.000000 NaN
614.368423 20.008333 NaN
614.649697 20.016667 NaN
614.948447 20.025000 NaN
615.265091 20.033333 NaN
615.600052 20.041667 NaN
615.953756 20.050000 NaN
616.326637 20.058333 NaN
616.719129 20.066667 NaN
617.131676 20.075000 NaN
617.564722 20.083333 NaN
618.018717 20.091667 NaN
618.494119 20.100000 NaN
618.991387 20.108333 NaN
619.510987 20.116667 NaN
620.053388 20.125000 NaN
620.619068 20.133333 NaN
621.208507 20.141667 NaN
621.822191 20.150000 NaN
622.460612 20.158333 NaN
623.124266 20.166667 NaN
623.813657 20.175000 NaN
624.529292 20.183333 NaN
625.271685 20.191667 NaN
626.041356 20.200000 NaN
626.838831 20.208333 NaN
627.664641 20.216667 NaN
628.519323 20.225000 NaN
629.403421 20.233333 NaN
630.317487 20.241667 NaN
631.262075 20.250000 NaN
632.235601 20.258333 NaN
633.236562 20.266667 NaN
634.265642 20.275000 NaN
635.323538 20.283333 NaN
636.410952 20.291667 NaN
637.528598 20.300000 NaN
638.677196 20.308333 NaN
639.857477 20.316667 NaN
641.070180 20.325000 NaN
642.316053 20.333333 NaN
643.595856 20.341667 NaN
644.910355 20.350000 NaN
646.260330 20.358333 NaN
647.646568 20.366667 NaN
649.069868 20.375000 NaN
650.531041 20.383333 NaN
652.030906 20.391667 NaN
653.570296 20.400000 NaN
655.150053 20.408333 NaN
656.771034 20.416667 NaN
658.434105 20.425000 NaN
660.140147 20.433333 NaN
661.890052 20.441667 NaN
663.684727 20.450000 NaN
665.525092 20.458333 NaN
667.412079 20.466667 NaN
669.346637 20.475000 NaN
671.329729 20.483333 NaN
673.362333 20.491667 NaN
675.445444 20.500000 NaN
677.575809 20.508333 NaN
679.750289 20.516667 NaN
681.970072 20.525000 NaN
684.236366 20.533333 NaN
686.550396 20.541667 NaN
688.913408 20.550000 NaN
691.326666 20.558333 NaN
1044.490919 17.216667 NaN
1037.469176 17.225000 NaN
1030.552867 17.233333 NaN
1023.740630 17.241667 NaN
1017.031099 17.250000 NaN
1010.412793 17.258333 NaN
1003.874858 17.266667 NaN
997.416845 17.275000 NaN
991.038274 17.283333 NaN
984.738636 17.291667 NaN
978.517396 17.300000 NaN
972.373994 17.308333 NaN
966.307847 17.316667 NaN
960.318349 17.325000 NaN
954.404875 17.333333 NaN
948.566782 17.341667 NaN
942.803407 17.350000 NaN
937.114074 17.358333 NaN
931.498092 17.366667 NaN
925.954754 17.375000 NaN
920.483346 17.383333 NaN
915.083138 17.391667 NaN
909.753394 17.400000 NaN
904.493368 17.408333 NaN
899.302307 17.416667 NaN
894.179451 17.425000 NaN
889.124035 17.433333 NaN
884.135288 17.441667 NaN
879.212437 17.450000 NaN
874.354704 17.458333 NaN
869.561312 17.466667 NaN
864.831480 17.475000 NaN
860.164426 17.483333 NaN
855.559370 17.491667 NaN
851.015530 17.500000 NaN
846.525182 17.508333 NaN
842.081047 17.516667 NaN
837.683003 17.525000 NaN
833.330901 17.533333 NaN
829.024576 17.541667 NaN
824.763841 17.550000 NaN
820.548492 17.558333 NaN
816.378305 17.566667 NaN
812.253043 17.575000 NaN
808.172451 17.583333 NaN
804.136260 17.591667 NaN
800.144186 17.600000 NaN
796.195933 17.608333 NaN
792.291194 17.616667 NaN
788.429649 17.625000 NaN
784.610967 17.633333 NaN
780.834808 17.641667 NaN
777.100822 17.650000 NaN
773.408652 17.658333 NaN
769.757931 17.666667 NaN
766.148287 17.675000 NaN
762.579338 17.683333 NaN
759.050701 17.691667 NaN
755.561981 17.700000 NaN
752.112784 17.708333 NaN
748.702708 17.716667 NaN
745.331347 17.725000 NaN
741.998293 17.733333 NaN
738.703134 17.741667 NaN
735.445454 17.750000 NaN
732.219636 17.758333 NaN
729.020430 17.766667 NaN
725.847959 17.775000 NaN
722.702325 17.783333 NaN
719.583604 17.791667 NaN
716.491857 17.800000 NaN
713.427122 17.808333 NaN
710.389416 17.816667 NaN
707.378743 17.825000 NaN
704.395084 17.833333 NaN
701.438405 17.841667 NaN
698.508659 17.850000 NaN
695.605778 17.858333 NaN
692.729683 17.866667 NaN
689.880281 17.875000 NaN
687.057463 17.883333 NaN
684.261109 17.891667 NaN
681.491087 17.900000 NaN
678.747252 17.908333 NaN
676.029450 17.916667 NaN
673.337515 17.925000 NaN
670.671270 17.933333 NaN
668.030532 17.941667 NaN
665.415105 17.950000 NaN
662.824788 17.958333 NaN
660.259369 17.966667 NaN
657.718631 17.975000 NaN
655.202349 17.983333 NaN
652.710289 17.991667 NaN
650.242216 18.000000 NaN
647.793424 18.008333 NaN
645.359655 18.016667 NaN
642.941301 18.025000 NaN
640.538720 18.033333 NaN
638.152237 18.041667 NaN
635.782143 18.050000 NaN
633.428696 18.058333 NaN
631.092124 18.066667 NaN
628.772623 18.075000 NaN
626.470360 18.083333 NaN
624.185475 18.091667 NaN
621.918080 18.100000 NaN
619.668258 18.108333 NaN
617.436070 18.116667 NaN
615.221550 18.125000 NaN
613.024708 18.133333 NaN
610.845533 18.141667 NaN
608.683989 18.150000 NaN
606.540021 18.158333 NaN
604.413552 18.166667 NaN
602.304486 18.175000 NaN
600.212708 18.183333 NaN
598.138084 18.191667 NaN
596.080464 18.200000 NaN
594.039679 18.208333 NaN
592.015546 18.216667 NaN
590.007864 18.225000 NaN
588.016418 18.233333 NaN
586.040979 18.241667 NaN
584.081304 18.250000 NaN
582.134707 18.258333 NaN
580.198715 18.266667 NaN
578.273392 18.275000 NaN
576.358800 18.283333 NaN
574.454998 18.291667 NaN
572.562041 18.300000 NaN
570.679984 18.308333 NaN
568.808877 18.316667 NaN
566.948769 18.325000 NaN
565.099705 18.333333 NaN
563.261729 18.341667 NaN
561.434881 18.350000 NaN
559.619201 18.358333 NaN
557.814725 18.366667 NaN
556.021487 18.375000 NaN
554.239518 18.383333 NaN
552.468849 18.391667 NaN
550.709506 18.400000 NaN
548.961516 18.408333 NaN
547.224901 18.416667 NaN
545.499684 18.425000 NaN
543.785884 18.433333 NaN
542.083517 18.441667 NaN
540.392601 18.450000 NaN
538.713149 18.458333 NaN
537.045173 18.466667 NaN
535.388683 18.475000 NaN
533.743689 18.483333 NaN
532.110197 18.491667 NaN
530.488213 18.500000 NaN
528.876446 18.508333 NaN
527.273482 18.516667 NaN
525.679148 18.525000 NaN
524.093295 18.533333 NaN
522.515787 18.541667 NaN
520.946509 18.550000 NaN
519.385360 18.558333 NaN
517.832259 18.566667 NaN
516.287137 18.575000 NaN
514.749945 18.583333 NaN
513.220647 18.591667 NaN
511.699222 18.600000 NaN
510.185666 18.608333 NaN
508.679985 18.616667 NaN
507.182204 18.625000 NaN
505.692360 18.633333 NaN
504.210502 18.641667 NaN
502.736693 18.650000 NaN
501.271011 18.658333 NaN
499.813544 18.666667 NaN
498.364393 18.675000 NaN
496.923673 18.683333 NaN
495.491507 18.691667 NaN
494.068032 18.700000 NaN
492.653398 18.708333 NaN
491.247761 18.716667 NaN
489.851292 18.725000 NaN
488.464171 18.733333 NaN
487.086587 18.741667 NaN
485.718740 18.750000 NaN
484.358778 18.758333 NaN
483.004712 18.766667 NaN
481.656550 18.775000 NaN
480.314304 18.783333 NaN
478.977993 18.791667 NaN
477.647642 18.800000 NaN
476.323279 18.808333 NaN
475.004939 18.816667 NaN
473.692662 18.825000 NaN
472.386494 18.833333 NaN
471.086485 18.841667 NaN
469.792689 18.850000 NaN
468.505166 18.858333 NaN
467.223982 18.866667 NaN
465.949205 18.875000 NaN
464.680909 18.883333 NaN
463.419173 18.891667 NaN
462.164079 18.900000 NaN
460.915714 18.908333 NaN
459.674169 18.916667 NaN
458.439540 18.925000 NaN
457.211925 18.933333 NaN
455.991429 18.941667 NaN
454.778157 18.950000 NaN
453.572221 18.958333 NaN
452.373735 18.966667 NaN
451.182818 18.975000 NaN
449.999589 18.983333 NaN
448.824175 18.991667 NaN
447.656702 19.000000 NaN
446.495677 19.008333 NaN
445.339555 19.016667 NaN
444.188393 19.025000 NaN
443.042250 19.033333 NaN
441.901188 19.041667 NaN
440.765269 19.050000 NaN
439.634560 19.058333 NaN
438.509126 19.066667 NaN
437.389038 19.075000 NaN
436.274366 19.083333 NaN
435.165184 19.091667 NaN
434.061565 19.100000 NaN
432.963587 19.108333 NaN
431.871327 19.116667 NaN
430.784866 19.125000 NaN
429.704285 19.133333 NaN
428.629666 19.141667 NaN
427.561096 19.150000 NaN
426.498660 19.158333 NaN
425.442445 19.166667 NaN
424.392541 19.175000 NaN
423.349038 19.183333 NaN
422.312029 19.191667 NaN
421.281606 19.200000 NaN
420.257864 19.208333 NaN
419.240899 19.216667 NaN
418.230807 19.225000 NaN
417.227686 19.233333 NaN
416.231635 19.241667 NaN
415.242755 19.250000 NaN
414.259858 19.258333 NaN
413.281744 19.266667 NaN
412.308492 19.275000 NaN
411.340182 19.283333 NaN
410.376895 19.291667 NaN
409.418713 19.300000 NaN
408.465719 19.308333 NaN
407.517995 19.316667 NaN
406.575624 19.325000 NaN
405.638691 19.333333 NaN
404.707280 19.341667 NaN
403.781476 19.350000 NaN
402.861364 19.358333 NaN
401.947030 19.366667 NaN
401.038561 19.375000 NaN
400.136043 19.383333 NaN
399.239563 19.391667 NaN
398.349208 19.400000 NaN
397.465066 19.408333 NaN
396.587224 19.416667 NaN
395.715771 19.425000 NaN
394.850795 19.433333 NaN
393.992385 19.441667 NaN
393.140628 19.450000 NaN
392.295613 19.458333 NaN
391.457430 19.466667 NaN
390.626167 19.475000 NaN
389.801912 19.483333 NaN
388.984754 19.491667 NaN
388.174782 19.500000 NaN
387.371043 19.508333 NaN
386.572589 19.516667 NaN
385.779513 19.525000 NaN
384.991910 19.533333 NaN
384.209872 19.541667 NaN
383.433494 19.550000 NaN
382.662867 19.558333 NaN
381.898086 19.566667 NaN
381.139243 19.575000 NaN
380.386431 19.583333 NaN
379.639740 19.591667 NaN
378.899263 19.600000 NaN
378.165092 19.608333 NaN
377.437317 19.616667 NaN
376.716028 19.625000 NaN
376.001315 19.633333 NaN
375.293268 19.641667 NaN
374.591976 19.650000 NaN
373.897528 19.658333 NaN
373.210010 19.666667 NaN
372.529510 19.675000 NaN
371.856116 19.683333 NaN
371.189912 19.691667 NaN
370.530984 19.700000 NaN
369.879417 19.708333 NaN
369.235293 19.716667 NaN
368.598697 19.725000 NaN
367.969711 19.733333 NaN
367.348414 19.741667 NaN
366.734889 19.750000 NaN
366.128364 19.758333 NaN
365.528083 19.766667 NaN
364.934150 19.775000 NaN
364.346667 19.783333 NaN
363.765734 19.791667 NaN
363.191453 19.800000 NaN
362.623922 19.808333 NaN
362.063240 19.816667 NaN
361.509504 19.825000 NaN
360.962810 19.833333 NaN
360.423254 19.841667 NaN
359.890929 19.850000 NaN
359.365928 19.858333 NaN
358.848344 19.866667 NaN
358.338267 19.875000 NaN
357.835785 19.883333 NaN
357.340988 19.891667 NaN
356.853962 19.900000 NaN
356.374793 19.908333 NaN
355.903564 19.916667 NaN
355.440359 19.925000 NaN
354.985259 19.933333 NaN
354.538344 19.941667 NaN
354.099692 19.950000 NaN
353.669382 19.958333 NaN
353.247488 19.966667 NaN
352.834084 19.975000 NaN
352.429243 19.983333 NaN
352.033037 19.991667 NaN
351.645534 20.000000 NaN
351.266094 20.008333 NaN
350.894102 20.016667 NaN
350.529664 20.025000 NaN
350.172883 20.033333 NaN
349.823861 20.041667 NaN
349.482698 20.050000 NaN
349.149493 20.058333 NaN
348.824342 20.066667 NaN
348.507339 20.075000 NaN
348.198579 20.083333 NaN
347.898152 20.091667 NaN
347.606147 20.100000 NaN
347.322651 20.108333 NaN
347.047751 20.116667 NaN
346.781530 20.125000 NaN
346.524068 20.133333 NaN
346.275446 20.141667 NaN
346.035742 20.150000 NaN
345.805029 20.158333 NaN
345.583383 20.166667 NaN
345.370874 20.175000 NaN
345.167571 20.183333 NaN
344.973542 20.191667 NaN
344.788851 20.200000 NaN
344.613562 20.208333 NaN
344.447734 20.216667 NaN
344.291427 20.225000 NaN
344.144698 20.233333 NaN
344.007599 20.241667 NaN
343.880183 20.250000 NaN
343.761881 20.258333 NaN
343.652154 20.266667 NaN
343.551103 20.275000 NaN
343.458823 20.283333 NaN
343.375409 20.291667 NaN
343.300951 20.300000 NaN
343.235540 20.308333 NaN
343.179261 20.316667 NaN
343.132197 20.325000 NaN
343.094432 20.333333 NaN
343.066042 20.341667 NaN
343.047105 20.350000 NaN
343.037693 20.358333 NaN
343.037878 20.366667 NaN
343.047729 20.375000 NaN
343.067310 20.383333 NaN
343.096686 20.391667 NaN
343.135916 20.400000 NaN
343.185059 20.408333 NaN
343.244171 20.416667 NaN
343.313303 20.425000 NaN
343.392506 20.433333 NaN
343.481829 20.441667 NaN
343.581315 20.450000 NaN
343.691008 20.458333 NaN
343.810948 20.466667 NaN
343.941173 20.475000 NaN
344.081717 20.483333 NaN
344.232613 20.491667 NaN
344.393891 20.500000 NaN
344.564959 20.508333 NaN
344.745263 20.516667 NaN
344.934893 20.525000 NaN
345.133933 20.533333 NaN
345.342466 20.541667 NaN
345.560569 20.550000 NaN
345.788320 20.558333 NaN
346.025792 20.566667 NaN
346.273053 20.575000 NaN
346.530172 20.583333 NaN
473.301739 19.366667 NaN
464.243293 19.375000 NaN
455.302695 19.383333 NaN
446.480148 19.391667 NaN
437.775718 19.400000 NaN
429.189344 19.408333 NaN
420.720839 19.416667 NaN
412.369905 19.425000 NaN
404.136132 19.433333 NaN
396.019014 19.441667 NaN
388.017947 19.450000 NaN
380.132245 19.458333 NaN
372.361137 19.466667 NaN
364.703782 19.475000 NaN
357.159269 19.483333 NaN
349.726629 19.491667 NaN
342.404834 19.500000 NaN
335.173653 19.508333 NaN
328.013567 19.516667 NaN
320.924557 19.525000 NaN
313.906575 19.533333 NaN
306.959547 19.541667 NaN
300.083373 19.550000 NaN
293.277926 19.558333 NaN
286.543056 19.566667 NaN
279.878590 19.575000 NaN
273.284332 19.583333 NaN
266.760065 19.591667 NaN
260.305550 19.600000 NaN
253.920531 19.608333 NaN
247.604733 19.616667 NaN
241.357861 19.625000 NaN
235.179607 19.633333 NaN
229.069644 19.641667 NaN
223.027632 19.650000 NaN
217.053216 19.658333 NaN
211.146029 19.666667 NaN
205.305691 19.675000 NaN
199.531810 19.683333 NaN
193.823984 19.691667 NaN
188.181802 19.700000 NaN
182.604843 19.708333 NaN
177.092679 19.716667 NaN
171.644873 19.725000 NaN
166.260983 19.733333 NaN
160.940561 19.741667 NaN
155.683154 19.750000 NaN
150.490472 19.758333 NaN
145.363395 19.766667 NaN
140.300310 19.775000 NaN
135.299700 19.783333 NaN
130.360151 19.791667 NaN
125.480343 19.800000 NaN
120.659053 19.808333 NaN
115.895154 19.816667 NaN
111.187614 19.825000 NaN
106.535501 19.833333 NaN
101.937980 19.841667 NaN
97.394323 19.850000 NaN
92.903913 19.858333 NaN
88.466249 19.866667 NaN
84.080965 19.875000 NaN
79.747837 19.883333 NaN
75.466812 19.891667 NaN
71.238032 19.900000 NaN
67.061874 19.908333 NaN
62.939005 19.916667 NaN
58.870455 19.925000 NaN
54.857719 19.933333 NaN
50.902906 19.941667 NaN
47.008954 19.950000 NaN
43.179939 19.958333 NaN
39.421556 19.966667 NaN
35.741846 19.975000 NaN
32.152352 19.983333 NaN
28.669999 19.991667 NaN
25.320197 20.000000 NaN
22.144172 20.008333 NaN
19.208397 20.016667 NaN
16.616318 20.025000 NaN
14.525835 20.033333 NaN
13.148905 20.041667 NaN
12.690188 20.050000 NaN
13.218071 20.058333 NaN
14.601956 20.066667 NaN
16.608757 20.075000 NaN
19.024859 20.083333 NaN
21.698908 20.091667 NaN
24.533642 20.100000 NaN
27.467923 20.108333 NaN
30.462895 20.116667 NaN
33.493274 20.125000 NaN
36.542160 20.133333 NaN
39.597952 20.141667 NaN
42.652490 20.150000 NaN
45.699910 20.158333 NaN
48.735913 20.166667 NaN
51.757292 20.175000 NaN
54.761620 20.183333 NaN
57.747038 20.191667 NaN
60.712101 20.200000 NaN
63.655676 20.208333 NaN
66.576868 20.216667 NaN
69.474961 20.225000 NaN
72.349381 20.233333 NaN
75.199663 20.241667 NaN
78.025427 20.250000 NaN
80.829817 20.258333 NaN
83.616022 20.266667 NaN
86.383826 20.275000 NaN
89.133056 20.283333 NaN
91.863575 20.291667 NaN
94.575275 20.300000 NaN
97.268072 20.308333 NaN
99.941901 20.316667 NaN
102.596716 20.325000 NaN
105.232481 20.333333 NaN
107.849171 20.341667 NaN
110.446772 20.350000 NaN
113.025275 20.358333 NaN
115.584676 20.366667 NaN
118.124979 20.375000 NaN
120.646189 20.383333 NaN
123.148312 20.391667 NaN
125.631360 20.400000 NaN
128.095343 20.408333 NaN
130.540274 20.416667 NaN
132.966165 20.425000 NaN
135.373030 20.433333 NaN
137.760879 20.441667 NaN
140.129726 20.450000 NaN
142.479581 20.458333 NaN
144.810454 20.466667 NaN
147.122354 20.475000 NaN
149.415291 20.483333 NaN
151.689269 20.491667 NaN
153.944294 20.500000 NaN
156.183414 20.508333 NaN
158.409668 20.516667 NaN
160.623045 20.525000 NaN
162.823535 20.533333 NaN
165.011128 20.541667 NaN
167.185814 20.550000 NaN
169.347582 20.558333 NaN
171.496421 20.566667 NaN
173.632321 20.575000 NaN
175.755269 20.583333 NaN
177.865254 20.591667 NaN
179.962264 20.600000 NaN
182.046285 20.608333 NaN
184.117305 20.616667 NaN
186.175307 20.625000 NaN
188.220279 20.633333 NaN
190.252204 20.641667 NaN
192.271066 20.650000 NaN
194.276848 20.658333 NaN
196.269532 20.666667 NaN
198.249101 20.675000 NaN
200.215535 20.683333 NaN
202.168813 20.691667 NaN
204.108915 20.700000 NaN
206.035820 20.708333 NaN
207.949506 20.716667 NaN
209.849948 20.725000 NaN
211.737123 20.733333 NaN
213.611006 20.741667 NaN
215.471572 20.750000 NaN
217.321522 20.758333 NaN
219.163542 20.766667 NaN
220.997581 20.775000 NaN
222.823589 20.783333 NaN
224.641515 20.791667 NaN
226.451309 20.800000 NaN
228.252923 20.808333 NaN
230.046308 20.816667 NaN
