26.190021 -75.759427 NaN
26.204939 -75.753740 NaN
26.219896 -75.747963 NaN
26.234891 -75.742094 NaN
26.249923 -75.736131 NaN
26.264991 -75.730073 NaN
26.280094 -75.723919 NaN
26.295231 -75.717665 NaN
26.310400 -75.711311 NaN
26.325629 -75.704869 NaN
26.340946 -75.698350 NaN
26.356350 -75.691754 NaN
26.371840 -75.685078 NaN
26.387415 -75.678320 NaN
26.403075 -75.671479 NaN
26.418819 -75.664554 NaN
26.434646 -75.657541 NaN
26.450554 -75.650439 NaN
26.466543 -75.643247 NaN
26.482613 -75.635961 NaN
26.498761 -75.628581 NaN
26.514988 -75.621104 NaN
26.531292 -75.613529 NaN
26.547672 -75.605852 NaN
26.564127 -75.598073 NaN
26.580657 -75.590188 NaN
26.597261 -75.582196 NaN
26.613936 -75.574095 NaN
26.630683 -75.565882 NaN
26.647500 -75.557555 NaN
26.664387 -75.549112 NaN
26.681341 -75.540551 NaN
26.698363 -75.531868 NaN
26.715451 -75.523063 NaN
26.732603 -75.514131 NaN
26.749820 -75.505072 NaN
26.767099 -75.495882 NaN
26.784439 -75.486558 NaN
26.801839 -75.477099 NaN
26.819330 -75.467505 NaN
26.836940 -75.457781 NaN
26.854670 -75.447924 NaN
26.872520 -75.437935 NaN
26.890488 -75.427811 NaN
26.908574 -75.417554 NaN
26.926779 -75.407161 NaN
26.945100 -75.396631 NaN
26.963539 -75.385964 NaN
26.982094 -75.375159 NaN
27.000766 -75.364214 NaN
27.019554 -75.353128 NaN
27.038457 -75.341901 NaN
27.057475 -75.330531 NaN
27.076608 -75.319017 NaN
27.095856 -75.307358 NaN
27.115219 -75.295552 NaN
27.134695 -75.283598 NaN
27.154286 -75.271495 NaN
27.173991 -75.259242 NaN
27.193809 -75.246836 NaN
27.213740 -75.234277 NaN
27.233785 -75.221563 NaN
27.253944 -75.208691 NaN
27.274215 -75.195662 NaN
27.294600 -75.182472 NaN
27.315098 -75.169121 NaN
27.335709 -75.155606 NaN
27.356433 -75.141925 NaN
27.377271 -75.128077 NaN
27.398250 -75.114042 NaN
27.419397 -75.099799 NaN
27.440712 -75.085347 NaN
27.462195 -75.070684 NaN
27.483846 -75.055810 NaN
27.505663 -75.040722 NaN
27.527647 -75.025418 NaN
27.549797 -75.009897 NaN
27.572114 -74.994157 NaN
27.594596 -74.978196 NaN
27.617245 -74.962012 NaN
27.640060 -74.945603 NaN
27.663042 -74.928965 NaN
27.686189 -74.912099 NaN
27.709503 -74.894999 NaN
27.732984 -74.877665 NaN
27.756632 -74.860094 NaN
27.780447 -74.842282 NaN
27.804431 -74.824228 NaN
27.828583 -74.805927 NaN
27.852905 -74.787377 NaN
27.877396 -74.768576 NaN
27.902058 -74.749518 NaN
27.926892 -74.730201 NaN
27.951899 -74.710622 NaN
27.977080 -74.690776 NaN
28.002436 -74.670660 NaN
28.027968 -74.650269 NaN
28.053678 -74.629600 NaN
28.079567 -74.608647 NaN
28.105682 -74.587425 NaN
28.132064 -74.565945 NaN
28.158712 -74.544201 NaN
28.185623 -74.522187 NaN
28.212794 -74.499895 NaN
28.240225 -74.477318 NaN
28.267913 -74.454449 NaN
28.295856 -74.431279 NaN
28.324053 -74.407802 NaN
28.352502 -74.384007 NaN
28.381203 -74.359886 NaN
28.410154 -74.335430 NaN
28.439354 -74.310629 NaN
28.468802 -74.285473 NaN
28.498499 -74.259952 NaN
28.528444 -74.234054 NaN
28.558637 -74.207768 NaN
28.589079 -74.181083 NaN
28.619769 -74.153985 NaN
28.650709 -74.126462 NaN
28.681899 -74.098500 NaN
28.713342 -74.070085 NaN
28.745038 -74.041203 NaN
28.776990 -74.011837 NaN
28.809199 -73.981973 NaN
28.841668 -73.951593 NaN
28.874401 -73.920680 NaN
28.907400 -73.889215 NaN
28.940669 -73.857180 NaN
28.974212 -73.824555 NaN
29.008077 -73.791395 NaN
29.042311 -73.757769 NaN
29.076917 -73.723672 NaN
29.111898 -73.689100 NaN
29.147256 -73.654050 NaN
29.182995 -73.618517 NaN
29.219116 -73.582497 NaN
29.255624 -73.545987 NaN
29.292519 -73.508982 NaN
29.329805 -73.471478 NaN
29.367484 -73.433472 NaN
29.405559 -73.394960 NaN
29.444032 -73.355939 NaN
29.482904 -73.316403 NaN
29.522179 -73.276350 NaN
29.561859 -73.235777 NaN
29.601945 -73.194678 NaN
29.642440 -73.153052 NaN
29.683344 -73.110894 NaN
29.724661 -73.068202 NaN
29.766392 -73.024971 NaN
29.808538 -72.981200 NaN
29.851101 -72.936884 NaN
29.894081 -72.892021 NaN
29.937481 -72.846607 NaN
29.981302 -72.800641 NaN
30.025544 -72.754119 NaN
30.070208 -72.707040 NaN
30.115295 -72.659399 NaN
30.160806 -72.611196 NaN
30.206768 -72.562200 NaN
30.253214 -72.512176 NaN
30.300155 -72.461117 NaN
30.347600 -72.409016 NaN
30.395557 -72.355866 NaN
30.444035 -72.301661 NaN
30.493042 -72.246397 NaN
30.542585 -72.190067 NaN
30.592672 -72.132667 NaN
30.643309 -72.074194 NaN
30.694501 -72.014644 NaN
30.746255 -71.954016 NaN
30.798575 -71.892308 NaN
30.851466 -71.829520 NaN
30.904932 -71.765653 NaN
30.958974 -71.700708 NaN
31.013595 -71.634688 NaN
31.068798 -71.567597 NaN
31.124581 -71.499442 NaN
31.180946 -71.430229 NaN
31.237891 -71.359967 NaN
31.295414 -71.288665 NaN
31.353513 -71.216335 NaN
31.412182 -71.142992 NaN
21.939471 -71.424081 NaN
21.974908 -71.440774 NaN
22.010091 -71.457351 NaN
22.045020 -71.473821 NaN
22.079698 -71.490191 NaN
22.114126 -71.506470 NaN
22.148306 -71.522666 NaN
22.182240 -71.538787 NaN
22.215931 -71.554842 NaN
22.249379 -71.570838 NaN
22.282586 -71.586782 NaN
22.315556 -71.602684 NaN
22.348288 -71.618549 NaN
22.380785 -71.634387 NaN
22.413049 -71.650203 NaN
22.445080 -71.666007 NaN
22.476882 -71.681804 NaN
22.508456 -71.697603 NaN
22.539803 -71.713410 NaN
22.570925 -71.729232 NaN
22.601823 -71.745077 NaN
22.632516 -71.760849 NaN
22.663021 -71.776449 NaN
22.693340 -71.791884 NaN
22.723473 -71.807159 NaN
22.753423 -71.822281 NaN
22.783189 -71.837253 NaN
22.812772 -71.852083 NaN
22.842175 -71.866774 NaN
22.871397 -71.881333 NaN
22.900440 -71.895764 NaN
22.929305 -71.910073 NaN
22.957993 -71.924266 NaN
22.986504 -71.938346 NaN
23.014841 -71.952319 NaN
23.043004 -71.966190 NaN
23.070993 -71.979964 NaN
23.098810 -71.993645 NaN
23.126456 -72.007240 NaN
23.153932 -72.020751 NaN
23.181238 -72.034185 NaN
23.208376 -72.047545 NaN
23.235347 -72.060836 NaN
23.262151 -72.074064 NaN
23.288789 -72.087232 NaN
23.315263 -72.100345 NaN
23.341572 -72.113407 NaN
23.367719 -72.126423 NaN
23.393704 -72.139397 NaN
23.419527 -72.152334 NaN
23.445190 -72.165238 NaN
23.470706 -72.178073 NaN
23.496088 -72.190802 NaN
23.521338 -72.203427 NaN
23.546458 -72.215948 NaN
23.571449 -72.228367 NaN
23.596313 -72.240685 NaN
23.621051 -72.252902 NaN
23.645664 -72.265020 NaN
23.670154 -72.277040 NaN
23.694522 -72.288962 NaN
23.718768 -72.300788 NaN
23.742894 -72.312518 NaN
23.766901 -72.324153 NaN
23.790788 -72.335693 NaN
23.814558 -72.347139 NaN
23.838210 -72.358492 NaN
23.861746 -72.369753 NaN
23.885165 -72.380921 NaN
23.908468 -72.391998 NaN
23.931656 -72.402983 NaN
23.954728 -72.413878 NaN
23.977686 -72.424682 NaN
24.000529 -72.435396 NaN
24.023257 -72.446020 NaN
24.045871 -72.456555 NaN
24.068370 -72.467000 NaN
24.090754 -72.477356 NaN
24.113023 -72.487623 NaN
24.135178 -72.497801 NaN
24.157217 -72.507890 NaN
24.179160 -72.517899 NaN
24.201024 -72.527835 NaN
24.222811 -72.537698 NaN
24.244522 -72.547488 NaN
24.266158 -72.557205 NaN
24.287718 -72.566848 NaN
24.309205 -72.576417 NaN
24.330618 -72.585913 NaN
24.351958 -72.595334 NaN
24.373225 -72.604679 NaN
24.394419 -72.613950 NaN
24.415542 -72.623144 NaN
24.436592 -72.632262 NaN
24.457571 -72.641303 NaN
24.478478 -72.650267 NaN
24.499314 -72.659152 NaN
24.520077 -72.667958 NaN
24.540769 -72.676685 NaN
24.561388 -72.685331 NaN
24.581935 -72.693896 NaN
24.602409 -72.702379 NaN
24.622811 -72.710779 NaN
24.643138 -72.719096 NaN
24.663392 -72.727328 NaN
24.683571 -72.735475 NaN
24.703676 -72.743535 NaN
24.723704 -72.751508 NaN
24.743656 -72.759393 NaN
24.763531 -72.767188 NaN
24.783327 -72.774893 NaN
24.803068 -72.782509 NaN
24.822777 -72.790040 NaN
24.842452 -72.797485 NaN
24.862095 -72.804846 NaN
24.881706 -72.812123 NaN
24.901283 -72.819316 NaN
24.920829 -72.826425 NaN
24.940342 -72.833451 NaN
24.959822 -72.840394 NaN
24.979269 -72.847255 NaN
24.998683 -72.854033 NaN
25.018064 -72.860729 NaN
25.037411 -72.867342 NaN
25.056725 -72.873874 NaN
25.076005 -72.880324 NaN
25.095250 -72.886693 NaN
25.114461 -72.892979 NaN
25.133636 -72.899185 NaN
25.152775 -72.905308 NaN
25.171879 -72.911351 NaN
25.190946 -72.917311 NaN
25.209976 -72.923190 NaN
25.228968 -72.928988 NaN
25.247921 -72.934703 NaN
25.266836 -72.940337 NaN
25.285711 -72.945889 NaN
25.304545 -72.951359 NaN
25.323338 -72.956746 NaN
25.342090 -72.962051 NaN
25.360798 -72.967273 NaN
25.379488 -72.972408 NaN
25.398184 -72.977453 NaN
25.416886 -72.982407 NaN
25.435592 -72.987272 NaN
25.454304 -72.992047 NaN
25.473020 -72.996733 NaN
25.491741 -73.001330 NaN
25.510465 -73.005838 NaN
25.529194 -73.010257 NaN
25.547926 -73.014589 NaN
25.566661 -73.018832 NaN
25.585398 -73.022987 NaN
25.604137 -73.027055 NaN
25.622879 -73.031034 NaN
25.641621 -73.034927 NaN
25.660364 -73.038731 NaN
25.679107 -73.042448 NaN
25.697850 -73.046078 NaN
25.716592 -73.049620 NaN
25.735332 -73.053075 NaN
25.754070 -73.056442 NaN
25.772805 -73.059721 NaN
25.791537 -73.062913 NaN
25.810264 -73.066017 NaN
25.828987 -73.069034 NaN
25.847705 -73.071962 NaN
25.866416 -73.074802 NaN
25.885120 -73.077554 NaN
25.903816 -73.080218 NaN
25.922503 -73.082793 NaN
25.941208 -73.085274 NaN
25.959956 -73.087657 NaN
25.978749 -73.089941 NaN
25.997584 -73.092126 NaN
26.016462 -73.094213 NaN
26.035382 -73.096202 NaN
26.054344 -73.098091 NaN
26.073348 -73.099882 NaN
26.092393 -73.101574 NaN
26.111478 -73.103166 NaN
26.130604 -73.104660 NaN
26.149770 -73.106054 NaN
26.168975 -73.107349 NaN
26.188220 -73.108544 NaN
26.207502 -73.109639 NaN
26.226823 -73.110634 NaN
26.246181 -73.111529 NaN
26.265575 -73.112322 NaN
26.285007 -73.113014 NaN
26.304474 -73.113605 NaN
26.323976 -73.114095 NaN
26.343513 -73.114481 NaN
26.363084 -73.114766 NaN
26.382688 -73.114947 NaN
26.402325 -73.115025 NaN
26.421995 -73.114999 NaN
26.441695 -73.114869 NaN
26.461427 -73.114634 NaN
26.481189 -73.114293 NaN
26.500980 -73.113846 NaN
26.520829 -73.113290 NaN
26.540766 -73.112619 NaN
26.560790 -73.111833 NaN
26.580900 -73.110932 NaN
26.601097 -73.109915 NaN
26.621379 -73.108782 NaN
26.641748 -73.107532 NaN
26.662203 -73.106163 NaN
26.682743 -73.104676 NaN
26.703368 -73.103071 NaN
26.724077 -73.101345 NaN
26.744872 -73.099498 NaN
26.765751 -73.097530 NaN
26.786713 -73.095440 NaN
26.807760 -73.093226 NaN
26.828890 -73.090889 NaN
26.850103 -73.088427 NaN
26.871399 -73.085839 NaN
26.892777 -73.083124 NaN
26.914238 -73.080281 NaN
26.935780 -73.077310 NaN
26.957404 -73.074209 NaN
26.979109 -73.070977 NaN
27.000895 -73.067613 NaN
27.022762 -73.064117 NaN
27.044709 -73.060486 NaN
27.066736 -73.056719 NaN
27.088842 -73.052816 NaN
27.111027 -73.048776 NaN
27.133291 -73.044596 NaN
27.155666 -73.040275 NaN
27.178184 -73.035812 NaN
27.200847 -73.031204 NaN
27.223654 -73.026451 NaN
27.246605 -73.021551 NaN
27.269700 -73.016502 NaN
27.292939 -73.011303 NaN
27.316323 -73.005953 NaN
27.339852 -73.000448 NaN
27.363526 -72.994789 NaN
27.387345 -72.988973 NaN
27.411309 -72.982999 NaN
27.435419 -72.976864 NaN
27.459675 -72.970566 NaN
27.484077 -72.964105 NaN
27.508624 -72.957478 NaN
27.533319 -72.950682 NaN
27.558160 -72.943716 NaN
27.583148 -72.936579 NaN
27.608283 -72.929266 NaN
27.633566 -72.921778 NaN
27.658997 -72.914110 NaN
27.684576 -72.906262 NaN
27.710304 -72.898230 NaN
27.736180 -72.890013 NaN
27.762206 -72.881607 NaN
27.788381 -72.873011 NaN
27.814706 -72.864222 NaN
27.841182 -72.855236 NaN
27.867808 -72.846053 NaN
27.894622 -72.836673 NaN
27.921661 -72.827101 NaN
27.948927 -72.817333 NaN
27.976420 -72.807367 NaN
28.004142 -72.797198 NaN
28.032093 -72.786825 NaN
28.060274 -72.776244 NaN
28.088687 -72.765452 NaN
28.117332 -72.754444 NaN
28.146211 -72.743219 NaN
28.175325 -72.731773 NaN
28.204675 -72.720101 NaN
28.234262 -72.708200 NaN
28.264088 -72.696068 NaN
28.294154 -72.683699 NaN
28.324461 -72.671089 NaN
28.355011 -72.658236 NaN
28.385805 -72.645134 NaN
28.416844 -72.631780 NaN
28.448131 -72.618170 NaN
28.479667 -72.604298 NaN
28.511453 -72.590161 NaN
28.543490 -72.575754 NaN
28.575782 -72.561071 NaN
28.608329 -72.546110 NaN
28.641133 -72.530864 NaN
28.674196 -72.515328 NaN
28.707521 -72.499497 NaN
28.741108 -72.483367 NaN
28.774960 -72.466931 NaN
28.809120 -72.450203 NaN
28.843632 -72.433195 NaN
28.878499 -72.415902 NaN
28.913722 -72.398318 NaN
28.949304 -72.380438 NaN
28.985248 -72.362254 NaN
29.021557 -72.343761 NaN
29.058232 -72.324953 NaN
29.095279 -72.305823 NaN
29.132698 -72.286364 NaN
29.170494 -72.266570 NaN
29.208669 -72.246434 NaN
29.247226 -72.225949 NaN
29.286170 -72.205107 NaN
29.325503 -72.183900 NaN
29.365229 -72.162322 NaN
29.405351 -72.140364 NaN
29.445874 -72.118018 NaN
29.486801 -72.095276 NaN
29.528136 -72.072129 NaN
29.569883 -72.048569 NaN
29.612046 -72.024586 NaN
29.654630 -72.000172 NaN
29.697638 -71.975317 NaN
29.741077 -71.950011 NaN
29.784949 -71.924245 NaN
29.829260 -71.898008 NaN
29.874015 -71.871290 NaN
29.919219 -71.844080 NaN
29.964877 -71.816367 NaN
30.011036 -71.788190 NaN
30.057745 -71.759590 NaN
30.105009 -71.730555 NaN
30.152831 -71.701075 NaN
30.201217 -71.671137 NaN
30.250174 -71.640730 NaN
30.299705 -71.609842 NaN
30.349816 -71.578460 NaN
30.400514 -71.546572 NaN
30.451805 -71.514163 NaN
30.503694 -71.481221 NaN
25.564688 -80.538196 NaN
25.577401 -80.526656 NaN
25.590047 -80.515121 NaN
25.602624 -80.503594 NaN
25.615132 -80.492074 NaN
25.627569 -80.480563 NaN
25.639936 -80.469060 NaN
25.652231 -80.457567 NaN
25.664468 -80.446067 NaN
25.676664 -80.434546 NaN
25.688818 -80.423004 NaN
25.700927 -80.411443 NaN
25.712992 -80.399862 NaN
25.725011 -80.388262 NaN
25.736984 -80.376646 NaN
25.748909 -80.365013 NaN
25.760786 -80.353364 NaN
25.772613 -80.341700 NaN
25.784390 -80.330023 NaN
25.796115 -80.318332 NaN
25.807789 -80.306630 NaN
25.819408 -80.294916 NaN
25.830974 -80.283191 NaN
25.842484 -80.271458 NaN
25.853939 -80.259715 NaN
25.865336 -80.247965 NaN
25.876674 -80.236207 NaN
25.887954 -80.224444 NaN
25.899174 -80.212676 NaN
25.910333 -80.200903 NaN
25.921429 -80.189127 NaN
25.932463 -80.177348 NaN
25.943433 -80.165568 NaN
25.954338 -80.153787 NaN
25.965177 -80.142006 NaN
25.975950 -80.130227 NaN
25.986654 -80.118449 NaN
25.997290 -80.106674 NaN
26.007872 -80.094886 NaN
26.018414 -80.083068 NaN
26.028915 -80.071221 NaN
26.039375 -80.059347 NaN
26.049792 -80.047447 NaN
26.060165 -80.035521 NaN
26.070493 -80.023571 NaN
26.080775 -80.011597 NaN
26.091010 -79.999601 NaN
26.101197 -79.987584 NaN
26.111334 -79.975547 NaN
26.121420 -79.963490 NaN
26.131456 -79.951415 NaN
26.141438 -79.939324 NaN
26.151367 -79.927216 NaN
26.161241 -79.915093 NaN
26.171059 -79.902956 NaN
26.180820 -79.890806 NaN
26.190524 -79.878644 NaN
26.200168 -79.866471 NaN
26.209752 -79.854288 NaN
26.219275 -79.842096 NaN
26.228736 -79.829896 NaN
26.238134 -79.817689 NaN
26.247468 -79.805476 NaN
26.256736 -79.793258 NaN
26.265938 -79.781037 NaN
26.275072 -79.768812 NaN
26.284138 -79.756586 NaN
26.293135 -79.744358 NaN
26.302077 -79.732113 NaN
26.310981 -79.719836 NaN
26.319843 -79.707526 NaN
26.328664 -79.695185 NaN
26.337443 -79.682815 NaN
26.346176 -79.670416 NaN
26.354865 -79.657990 NaN
26.363506 -79.645538 NaN
26.372100 -79.633061 NaN
26.380644 -79.620560 NaN
26.389138 -79.608036 NaN
26.397580 -79.595491 NaN
26.405970 -79.582926 NaN
26.414305 -79.570341 NaN
26.422585 -79.557739 NaN
26.430808 -79.545119 NaN
26.438973 -79.532484 NaN
26.447080 -79.519834 NaN
26.455127 -79.507170 NaN
26.463112 -79.494494 NaN
26.471035 -79.481806 NaN
26.478894 -79.469109 NaN
26.486688 -79.456402 NaN
26.494417 -79.443687 NaN
26.502078 -79.430965 NaN
26.509671 -79.418237 NaN
26.517195 -79.405504 NaN
26.524648 -79.392767 NaN
26.532029 -79.380028 NaN
26.539337 -79.367287 NaN
26.546590 -79.354528 NaN
26.553803 -79.341736 NaN
26.560976 -79.328912 NaN
26.568106 -79.316057 NaN
26.575193 -79.303173 NaN
26.582235 -79.290261 NaN
26.589230 -79.277321 NaN
26.596177 -79.264357 NaN
26.603075 -79.251368 NaN
26.609922 -79.238355 NaN
26.616717 -79.225321 NaN
26.623457 -79.212267 NaN
26.630143 -79.199193 NaN
26.636772 -79.186102 NaN
26.643343 -79.172993 NaN
26.649854 -79.159869 NaN
26.656305 -79.146731 NaN
26.662694 -79.133579 NaN
26.669019 -79.120415 NaN
26.675279 -79.107241 NaN
26.681473 -79.094057 NaN
26.687599 -79.080864 NaN
26.693656 -79.067664 NaN
26.699642 -79.054458 NaN
26.705557 -79.041247 NaN
26.711399 -79.028032 NaN
26.717167 -79.014814 NaN
26.722859 -79.001595 NaN
26.728474 -78.988375 NaN
26.734010 -78.975155 NaN
26.739489 -78.961920 NaN
26.744930 -78.948654 NaN
26.750332 -78.935359 NaN
26.755693 -78.922036 NaN
26.761010 -78.908686 NaN
26.766283 -78.895310 NaN
26.771510 -78.881912 NaN
26.776687 -78.868490 NaN
26.781815 -78.855048 NaN
26.786891 -78.841587 NaN
26.791912 -78.828107 NaN
26.796878 -78.814611 NaN
26.801787 -78.801099 NaN
26.806637 -78.787573 NaN
26.811425 -78.774035 NaN
26.816152 -78.760485 NaN
26.820813 -78.746924 NaN
26.825409 -78.733355 NaN
26.829937 -78.719778 NaN
26.834396 -78.706195 NaN
26.838783 -78.692607 NaN
26.843098 -78.679014 NaN
26.847338 -78.665419 NaN
26.851501 -78.651823 NaN
26.855587 -78.638226 NaN
26.859594 -78.624630 NaN
26.863519 -78.611035 NaN
26.867361 -78.597444 NaN
26.871119 -78.583857 NaN
26.874790 -78.570275 NaN
26.878404 -78.556682 NaN
26.881987 -78.543062 NaN
26.885538 -78.529417 NaN
26.889053 -78.515747 NaN
26.892530 -78.502056 NaN
26.895966 -78.488345 NaN
26.899359 -78.474614 NaN
26.902706 -78.460867 NaN
26.906004 -78.447105 NaN
26.909252 -78.433328 NaN
26.912446 -78.419539 NaN
26.915584 -78.405740 NaN
26.918663 -78.391931 NaN
26.921681 -78.378115 NaN
26.924636 -78.364292 NaN
26.927524 -78.350464 NaN
26.930344 -78.336632 NaN
26.933093 -78.322799 NaN
26.935768 -78.308964 NaN
26.938367 -78.295130 NaN
26.940888 -78.281298 NaN
26.943327 -78.267468 NaN
26.945684 -78.253643 NaN
26.947955 -78.239823 NaN
26.950137 -78.226009 NaN
26.952229 -78.212204 NaN
26.954228 -78.198407 NaN
26.956132 -78.184619 NaN
26.957938 -78.170843 NaN
26.959643 -78.157079 NaN
26.961294 -78.143309 NaN
26.962935 -78.129516 NaN
26.964560 -78.115703 NaN
26.966166 -78.101872 NaN
26.967749 -78.088025 NaN
26.969304 -78.074163 NaN
26.970827 -78.060289 NaN
26.972314 -78.046404 NaN
26.973761 -78.032511 NaN
26.975163 -78.018612 NaN
26.976516 -78.004707 NaN
26.977816 -77.990799 NaN
26.979059 -77.976889 NaN
26.980241 -77.962980 NaN
26.981358 -77.949071 NaN
26.982405 -77.935166 NaN
26.983379 -77.921265 NaN
26.984275 -77.907369 NaN
26.985089 -77.893480 NaN
26.985817 -77.879600 NaN
26.986455 -77.865728 NaN
26.986999 -77.851868 NaN
26.987445 -77.838019 NaN
26.987788 -77.824182 NaN
26.988025 -77.810359 NaN
26.988152 -77.796550 NaN
26.988164 -77.782756 NaN
26.988058 -77.768979 NaN
26.987829 -77.755219 NaN
26.987473 -77.741476 NaN
26.987037 -77.727736 NaN
26.986570 -77.713987 NaN
26.986072 -77.700229 NaN
26.985542 -77.686463 NaN
26.984979 -77.672691 NaN
26.984383 -77.658914 NaN
26.983753 -77.645132 NaN
26.983088 -77.631348 NaN
26.982388 -77.617562 NaN
26.981653 -77.603775 NaN
26.980880 -77.589990 NaN
26.980071 -77.576207 NaN
26.979224 -77.562427 NaN
26.978339 -77.548653 NaN
26.977415 -77.534884 NaN
26.976451 -77.521124 NaN
26.975447 -77.507372 NaN
26.974403 -77.493631 NaN
26.973317 -77.479901 NaN
26.972189 -77.466185 NaN
26.971019 -77.452484 NaN
26.969806 -77.438799 NaN
26.968549 -77.425132 NaN
26.967248 -77.411484 NaN
26.965902 -77.397857 NaN
26.964511 -77.384253 NaN
26.963075 -77.370672 NaN
26.961592 -77.357117 NaN
26.960062 -77.343589 NaN
26.958484 -77.330090 NaN
26.956832 -77.316605 NaN
26.955081 -77.303120 NaN
26.953232 -77.289634 NaN
26.951287 -77.276149 NaN
26.949250 -77.262664 NaN
26.947121 -77.249181 NaN
26.944902 -77.235701 NaN
26.942597 -77.222224 NaN
26.940207 -77.208751 NaN
26.937734 -77.195283 NaN
26.935180 -77.181822 NaN
26.932548 -77.168369 NaN
26.929839 -77.154924 NaN
26.927056 -77.141490 NaN
26.924201 -77.128069 NaN
26.921277 -77.114660 NaN
26.918284 -77.101267 NaN
26.915227 -77.087890 NaN
26.912106 -77.074533 NaN
26.908925 -77.061196 NaN
26.905684 -77.047882 NaN
26.902388 -77.034593 NaN
26.899038 -77.021330 NaN
26.895636 -77.008097 NaN
26.892186 -76.994895 NaN
26.888688 -76.981728 NaN
26.885147 -76.968597 NaN
26.881564 -76.955504 NaN
26.877942 -76.942454 NaN
26.874283 -76.929448 NaN
26.870580 -76.916462 NaN
26.866825 -76.903471 NaN
26.863017 -76.890476 NaN
26.859155 -76.877479 NaN
26.855239 -76.864481 NaN
26.851266 -76.851484 NaN
26.847238 -76.838489 NaN
26.843152 -76.825498 NaN
26.839009 -76.812514 NaN
26.834808 -76.799538 NaN
26.830548 -76.786572 NaN
26.826228 -76.773618 NaN
26.821847 -76.760677 NaN
26.817406 -76.747754 NaN
26.812904 -76.734848 NaN
26.808340 -76.721964 NaN
26.803713 -76.709103 NaN
26.799023 -76.696267 NaN
26.794270 -76.683459 NaN
26.789453 -76.670683 NaN
26.784572 -76.657939 NaN
26.779626 -76.645231 NaN
26.774615 -76.632562 NaN
26.769538 -76.619935 NaN
26.764396 -76.607352 NaN
26.759188 -76.594816 NaN
26.753914 -76.582331 NaN
26.748574 -76.569899 NaN
26.743167 -76.557524 NaN
26.737693 -76.545208 NaN
26.732157 -76.532925 NaN
26.726564 -76.520646 NaN
26.720915 -76.508371 NaN
26.715212 -76.496102 NaN
26.709455 -76.483839 NaN
26.703648 -76.471583 NaN
26.697789 -76.459334 NaN
26.691882 -76.447094 NaN
26.685927 -76.434862 NaN
26.679926 -76.422640 NaN
26.673880 -76.410429 NaN
26.667791 -76.398229 NaN
26.661660 -76.386041 NaN
26.655487 -76.373866 NaN
26.649276 -76.361704 NaN
26.643027 -76.349558 NaN
26.636741 -76.337426 NaN
26.630420 -76.325311 NaN
26.624065 -76.313213 NaN
26.617678 -76.301133 NaN
26.611260 -76.289071 NaN
26.604813 -76.277030 NaN
26.598338 -76.265009 NaN
26.591836 -76.253010 NaN
26.585309 -76.241033 NaN
26.578758 -76.229080 NaN
26.572186 -76.217151 NaN
26.565592 -76.205248 NaN
26.558980 -76.193371 NaN
26.552350 -76.181521 NaN
26.545661 -76.169703 NaN
26.538874 -76.157918 NaN
26.531992 -76.146168 NaN
26.525018 -76.134451 NaN
26.517956 -76.122768 NaN
26.510809 -76.111119 NaN
26.503580 -76.099503 NaN
26.496273 -76.087920 NaN
26.488890 -76.076370 NaN
26.481436 -76.064852 NaN
26.473913 -76.053366 NaN
26.466324 -76.041912 NaN
26.458674 -76.030489 NaN
26.450964 -76.019097 NaN
26.443198 -76.007736 NaN
26.435380 -75.996405 NaN
26.427511 -75.985103 NaN
26.419597 -75.973830 NaN
26.411639 -75.962585 NaN
26.403641 -75.951368 NaN
26.395606 -75.940179 NaN
26.387536 -75.929016 NaN
26.379436 -75.917879 NaN
26.371307 -75.906767 NaN
26.363154 -75.895679 NaN
26.354978 -75.884616 NaN
26.346784 -75.873575 NaN
26.338573 -75.862556 NaN
26.330349 -75.851559 NaN
26.322115 -75.840583 NaN
26.313842 -75.829626 NaN
26.305497 -75.818691 NaN
26.297084 -75.807778 NaN
26.288603 -75.796886 NaN
26.280058 -75.786016 NaN
26.271449 -75.775169 NaN
26.262779 -75.764345 NaN
26.254049 -75.753544 NaN
26.245261 -75.742766 NaN
26.236416 -75.732013 NaN
26.227518 -75.721283 NaN
26.218566 -75.710578 NaN
26.209564 -75.699898 NaN
26.200512 -75.689243 NaN
26.191413 -75.678613 NaN
26.182268 -75.668009 NaN
26.173079 -75.657431 NaN
26.163848 -75.646878 NaN
26.154576 -75.636352 NaN
26.145265 -75.625853 NaN
26.135918 -75.615380 NaN
26.126534 -75.604935 NaN
26.117118 -75.594516 NaN
26.107669 -75.584125 NaN
26.098189 -75.573762 NaN
26.088681 -75.563426 NaN
26.079146 -75.553118 NaN
26.069586 -75.542838 NaN
26.060002 -75.532587 NaN
26.050395 -75.522364 NaN
26.040747 -75.512162 NaN
26.031038 -75.501974 NaN
26.021268 -75.491802 NaN
26.011438 -75.481644 NaN
26.001551 -75.471503 NaN
25.991608 -75.461378 NaN
25.981609 -75.451270 NaN
25.971557 -75.441179 NaN
25.961452 -75.431106 NaN
25.951296 -75.421052 NaN
25.941089 -75.411016 NaN
25.930835 -75.400999 NaN
25.920533 -75.391002 NaN
25.910185 -75.381025 NaN
25.899792 -75.371069 NaN
25.889356 -75.361134 NaN
25.878877 -75.351220 NaN
25.868358 -75.341328 NaN
25.857799 -75.331458 NaN
25.847202 -75.321611 NaN
25.836567 -75.311787 NaN
25.825897 -75.301987 NaN
25.815192 -75.292210 NaN
25.804453 -75.282458 NaN
25.793683 -75.272731 NaN
25.782881 -75.263028 NaN
25.772050 -75.253351 NaN
25.761191 -75.243700 NaN
25.750304 -75.234075 NaN
25.739391 -75.224476 NaN
25.728435 -75.214894 NaN
25.717420 -75.205320 NaN
25.706347 -75.195753 NaN
25.695217 -75.186193 NaN
25.684031 -75.176643 NaN
25.672790 -75.167102 NaN
18.838623 -79.189096 NaN
18.896184 -79.172432 NaN
18.953021 -79.156036 NaN
19.009142 -79.139905 NaN
19.064551 -79.124036 NaN
19.119257 -79.108426 NaN
19.173265 -79.093072 NaN
19.226581 -79.077971 NaN
19.279213 -79.063119 NaN
19.331167 -79.048515 NaN
19.382451 -79.034155 NaN
19.433070 -79.020035 NaN
19.483031 -79.006154 NaN
19.532416 -78.992485 NaN
19.581300 -78.979004 NaN
19.629684 -78.965708 NaN
19.677570 -78.952598 NaN
19.724960 -78.939670 NaN
19.771855 -78.926924 NaN
19.818257 -78.914358 NaN
19.864169 -78.901970 NaN
19.909593 -78.889759 NaN
19.954531 -78.877724 NaN
19.998986 -78.865862 NaN
20.042960 -78.854171 NaN
20.086457 -78.842652 NaN
20.129480 -78.831300 NaN
20.172031 -78.820116 NaN
20.214114 -78.809097 NaN
20.255732 -78.798242 NaN
20.296889 -78.787548 NaN
20.337587 -78.777015 NaN
20.377831 -78.766641 NaN
20.417624 -78.756424 NaN
20.456969 -78.746362 NaN
20.495871 -78.736453 NaN
20.534333 -78.726697 NaN
20.572359 -78.717091 NaN
20.609953 -78.707634 NaN
20.647118 -78.698324 NaN
20.683859 -78.689160 NaN
20.720180 -78.680139 NaN
20.756084 -78.671261 NaN
20.791629 -78.662509 NaN
20.826870 -78.653866 NaN
20.861806 -78.645333 NaN
20.896438 -78.636908 NaN
20.930765 -78.628590 NaN
20.964787 -78.620379 NaN
20.998506 -78.612274 NaN
21.031920 -78.604273 NaN
21.065032 -78.596377 NaN
21.097841 -78.588585 NaN
21.130349 -78.580894 NaN
21.162556 -78.573306 NaN
21.194464 -78.565818 NaN
21.226073 -78.558429 NaN
21.257385 -78.551140 NaN
21.288401 -78.543948 NaN
21.319123 -78.536854 NaN
21.349551 -78.529856 NaN
21.379688 -78.522952 NaN
21.409535 -78.516143 NaN
21.439094 -78.509428 NaN
21.468367 -78.502805 NaN
21.497355 -78.496273 NaN
21.526060 -78.489832 NaN
21.554484 -78.483480 NaN
21.582629 -78.477217 NaN
21.610498 -78.471042 NaN
21.638091 -78.464954 NaN
21.665412 -78.458952 NaN
21.692462 -78.453035 NaN
21.719286 -78.447193 NaN
21.745926 -78.441417 NaN
21.772380 -78.435706 NaN
21.798648 -78.430060 NaN
21.824727 -78.424479 NaN
21.850618 -78.418961 NaN
21.876318 -78.413507 NaN
21.901828 -78.408116 NaN
21.927146 -78.402787 NaN
21.952273 -78.397519 NaN
21.977207 -78.392313 NaN
22.001949 -78.387168 NaN
22.026498 -78.382083 NaN
22.050854 -78.377057 NaN
22.075017 -78.372090 NaN
22.098988 -78.367181 NaN
22.122766 -78.362329 NaN
22.146352 -78.357535 NaN
22.169746 -78.352797 NaN
22.192950 -78.348114 NaN
22.215962 -78.343487 NaN
22.238785 -78.338914 NaN
22.261418 -78.334395 NaN
22.283863 -78.329928 NaN
22.306120 -78.325514 NaN
22.328191 -78.321152 NaN
22.350076 -78.316841 NaN
22.371775 -78.312580 NaN
22.393292 -78.308369 NaN
22.414625 -78.304207 NaN
22.435816 -78.300089 NaN
22.456902 -78.296011 NaN
22.477879 -78.291973 NaN
22.498744 -78.287975 NaN
22.519495 -78.284016 NaN
22.540130 -78.280095 NaN
22.560645 -78.276213 NaN
22.581040 -78.272369 NaN
22.601311 -78.268563 NaN
22.621458 -78.264793 NaN
22.641479 -78.261061 NaN
22.661372 -78.257364 NaN
22.681136 -78.253703 NaN
22.700771 -78.250078 NaN
22.720274 -78.246486 NaN
26.117718 -76.940229 NaN
26.109432 -76.931571 NaN
26.101119 -76.922948 NaN
26.092779 -76.914360 NaN
26.084414 -76.905808 NaN
26.076026 -76.897292 NaN
26.067614 -76.888812 NaN
26.059182 -76.880370 NaN
26.050730 -76.871965 NaN
26.042259 -76.863598 NaN
26.033772 -76.855268 NaN
26.025268 -76.846977 NaN
26.016750 -76.838725 NaN
26.008220 -76.830512 NaN
25.999677 -76.822339 NaN
25.991124 -76.814205 NaN
25.982562 -76.806112 NaN
25.973992 -76.798059 NaN
25.965416 -76.790047 NaN
25.956817 -76.782069 NaN
25.948179 -76.774117 NaN
25.939503 -76.766191 NaN
25.930791 -76.758291 NaN
25.922043 -76.750419 NaN
25.913261 -76.742574 NaN
25.904445 -76.734757 NaN
25.895598 -76.726968 NaN
25.886719 -76.719207 NaN
25.877811 -76.711475 NaN
25.868875 -76.703772 NaN
25.859911 -76.696099 NaN
25.850921 -76.688455 NaN
25.841905 -76.680842 NaN
25.832866 -76.673259 NaN
25.823803 -76.665707 NaN
25.814719 -76.658187 NaN
25.805614 -76.650698 NaN
25.796490 -76.643240 NaN
25.787347 -76.635816 NaN
25.778186 -76.628423 NaN
25.769010 -76.621064 NaN
25.759818 -76.613738 NaN
25.750612 -76.606445 NaN
25.741393 -76.599187 NaN
25.732162 -76.591962 NaN
25.722921 -76.584773 NaN
25.713670 -76.577618 NaN
25.704410 -76.570498 NaN
25.695142 -76.563415 NaN
25.685852 -76.556359 NaN
25.676526 -76.549324 NaN
25.667165 -76.542310 NaN
25.657769 -76.535317 NaN
25.648339 -76.528345 NaN
25.638877 -76.521396 NaN
25.629384 -76.514468 NaN
25.619860 -76.507564 NaN
25.610306 -76.500682 NaN
25.600725 -76.493823 NaN
25.591115 -76.486987 NaN
25.581480 -76.480176 NaN
25.571818 -76.473388 NaN
25.562132 -76.466625 NaN
25.552423 -76.459887 NaN
25.542691 -76.453173 NaN
25.532937 -76.446485 NaN
25.523162 -76.439822 NaN
25.513368 -76.433186 NaN
25.503554 -76.426575 NaN
25.493723 -76.419991 NaN
25.483875 -76.413434 NaN
25.474010 -76.406904 NaN
25.464131 -76.400401 NaN
25.454237 -76.393926 NaN
25.444330 -76.387479 NaN
25.434410 -76.381060 NaN
25.424479 -76.374669 NaN
25.414537 -76.368307 NaN
25.404585 -76.361974 NaN
25.394610 -76.355663 NaN
25.384598 -76.349368 NaN
25.374550 -76.343087 NaN
25.364466 -76.336821 NaN
25.354349 -76.330572 NaN
25.344198 -76.324338 NaN
25.334014 -76.318120 NaN
25.323799 -76.311919 NaN
25.313553 -76.305734 NaN
25.303278 -76.299566 NaN
25.292973 -76.293415 NaN
25.282641 -76.287282 NaN
25.272281 -76.281166 NaN
25.261895 -76.275068 NaN
25.251484 -76.268987 NaN
25.241048 -76.262925 NaN
25.230588 -76.256881 NaN
25.220105 -76.250856 NaN
25.209600 -76.244850 NaN
25.199073 -76.238862 NaN
25.188526 -76.232894 NaN
25.177959 -76.226945 NaN
25.167373 -76.221016 NaN
25.156769 -76.215106 NaN
25.146147 -76.209216 NaN
25.135509 -76.203347 NaN
25.124855 -76.197497 NaN
25.114185 -76.191668 NaN
25.103501 -76.185860 NaN
25.092804 -76.180073 NaN
25.082078 -76.174300 NaN
25.071312 -76.168537 NaN
25.060506 -76.162784 NaN
25.049661 -76.157040 NaN
25.038777 -76.151306 NaN
25.027856 -76.145582 NaN
25.016899 -76.139867 NaN
25.005906 -76.134163 NaN
24.994878 -76.128468 NaN
24.983816 -76.122784 NaN
24.972721 -76.117109 NaN
24.961594 -76.111445 NaN
24.950434 -76.105790 NaN
24.939245 -76.100146 NaN
24.928024 -76.094512 NaN
24.916775 -76.088888 NaN
24.905497 -76.083273 NaN
24.894191 -76.077669 NaN
24.882858 -76.072075 NaN
24.871499 -76.066492 NaN
24.860113 -76.060918 NaN
24.848703 -76.055354 NaN
24.837268 -76.049800 NaN
24.825809 -76.044256 NaN
24.814326 -76.038721 NaN
24.802821 -76.033197 NaN
24.791294 -76.027682 NaN
24.779746 -76.022176 NaN
24.768176 -76.016680 NaN
24.756587 -76.011194 NaN
24.744962 -76.005716 NaN
24.733288 -76.000244 NaN
24.721566 -75.994779 NaN
24.709797 -75.989319 NaN
24.697981 -75.983865 NaN
24.686120 -75.978416 NaN
24.674215 -75.972971 NaN
24.662266 -75.967530 NaN
24.650275 -75.962093 NaN
24.638242 -75.956658 NaN
24.626168 -75.951227 NaN
24.614053 -75.945797 NaN
24.601900 -75.940369 NaN
24.589707 -75.934941 NaN
24.577477 -75.929514 NaN
24.565209 -75.924087 NaN
24.552905 -75.918659 NaN
24.540564 -75.913229 NaN
24.528188 -75.907797 NaN
24.515777 -75.902363 NaN
24.503332 -75.896925 NaN
24.490852 -75.891482 NaN
24.478340 -75.886035 NaN
24.465794 -75.880582 NaN
24.453215 -75.875124 NaN
24.440605 -75.869657 NaN
24.427962 -75.864184 NaN
24.415288 -75.858701 NaN
24.402582 -75.853209 NaN
24.389845 -75.847707 NaN
24.377061 -75.842205 NaN
24.364215 -75.836715 NaN
24.351308 -75.831233 NaN
24.338341 -75.825760 NaN
24.325315 -75.820292 NaN
24.312231 -75.814830 NaN
24.299091 -75.809371 NaN
24.285894 -75.803912 NaN
24.272643 -75.798454 NaN
24.259338 -75.792994 NaN
24.245979 -75.787529 NaN
24.232568 -75.782059 NaN
24.219105 -75.776582 NaN
24.205590 -75.771095 NaN
24.192025 -75.765597 NaN
24.178409 -75.760086 NaN
24.164743 -75.754559 NaN
24.151027 -75.749015 NaN
24.137262 -75.743451 NaN
24.123447 -75.737866 NaN
24.109583 -75.732258 NaN
24.095670 -75.726623 NaN
24.081708 -75.720960 NaN
24.067696 -75.715267 NaN
24.053635 -75.709541 NaN
24.039524 -75.703780 NaN
24.025363 -75.697981 NaN
24.011151 -75.692142 NaN
23.996889 -75.686260 NaN
23.982574 -75.680333 NaN
23.968196 -75.674369 NaN
23.953743 -75.668380 NaN
23.939216 -75.662368 NaN
23.924613 -75.656334 NaN
23.909936 -75.650279 NaN
23.895184 -75.644206 NaN
23.880358 -75.638115 NaN
23.865457 -75.632009 NaN
23.850482 -75.625889 NaN
23.835433 -75.619756 NaN
23.820310 -75.613613 NaN
23.805112 -75.607460 NaN
23.789841 -75.601301 NaN
23.774496 -75.595136 NaN
23.759077 -75.588966 NaN
23.743584 -75.582795 NaN
23.728019 -75.576623 NaN
23.712379 -75.570453 NaN
23.696667 -75.564285 NaN
23.680882 -75.558123 NaN
23.665024 -75.551967 NaN
23.649094 -75.545820 NaN
23.633091 -75.539684 NaN
23.617016 -75.533559 NaN
23.600869 -75.527449 NaN
23.584650 -75.521355 NaN
23.568359 -75.515279 NaN
23.551997 -75.509223 NaN
23.535563 -75.503188 NaN
23.519059 -75.497178 NaN
23.502470 -75.491116 NaN
23.485779 -75.484928 NaN
23.468987 -75.478618 NaN
23.452093 -75.472193 NaN
23.435094 -75.465656 NaN
23.417990 -75.459013 NaN
23.400780 -75.452268 NaN
23.383464 -75.445427 NaN
23.366040 -75.438496 NaN
23.348507 -75.431478 NaN
23.330866 -75.424380 NaN
23.313115 -75.417207 NaN
23.295254 -75.409965 NaN
23.277283 -75.402659 NaN
23.259200 -75.395294 NaN
23.241007 -75.387878 NaN
23.222702 -75.380414 NaN
23.204286 -75.372910 NaN
23.185758 -75.365372 NaN
23.167119 -75.357805 NaN
23.148369 -75.350216 NaN
23.129508 -75.342612 NaN
23.110537 -75.334998 NaN
23.091455 -75.327382 NaN
23.072264 -75.319770 NaN
23.052964 -75.312169 NaN
23.033556 -75.304586 NaN
23.014041 -75.297028 NaN
22.994420 -75.289502 NaN
22.974695 -75.282017 NaN
22.954842 -75.274493 NaN
22.934839 -75.266850 NaN
22.914685 -75.259088 NaN
22.894377 -75.251210 NaN
22.873916 -75.243217 NaN
22.853300 -75.235111 NaN
22.832528 -75.226892 NaN
22.811598 -75.218563 NaN
22.790512 -75.210125 NaN
22.769266 -75.201581 NaN
22.747861 -75.192930 NaN
22.726295 -75.184177 NaN
22.704569 -75.175321 NaN
22.682681 -75.166366 NaN
22.660630 -75.157313 NaN
22.638417 -75.148163 NaN
22.616041 -75.138920 NaN
22.593500 -75.129585 NaN
22.570796 -75.120160 NaN
22.547928 -75.110647 NaN
22.524895 -75.101049 NaN
22.501698 -75.091367 NaN
22.478336 -75.081605 NaN
22.454809 -75.071765 NaN
22.431118 -75.061849 NaN
22.407263 -75.051859 NaN
22.383245 -75.041799 NaN
22.359063 -75.031672 NaN
22.334718 -75.021479 NaN
22.310210 -75.011223 NaN
22.285506 -75.000886 NaN
22.260568 -74.990442 NaN
22.235395 -74.979890 NaN
22.209984 -74.969229 NaN
22.184334 -74.958457 NaN
22.158442 -74.947572 NaN
22.132307 -74.936572 NaN
22.105927 -74.925457 NaN
22.079300 -74.914223 NaN
22.052425 -74.902869 NaN
22.025300 -74.891395 NaN
21.997924 -74.879797 NaN
21.970295 -74.868075 NaN
21.942411 -74.856227 NaN
21.914272 -74.844251 NaN
21.885876 -74.832145 NaN
21.857223 -74.819908 NaN
21.828310 -74.807539 NaN
21.799138 -74.795036 NaN
21.769705 -74.782397 NaN
21.740010 -74.769620 NaN
21.710054 -74.756705 NaN
21.679836 -74.743650 NaN
21.649354 -74.730453 NaN
21.618610 -74.717114 NaN
21.587603 -74.703629 NaN
21.556334 -74.690000 NaN
21.524801 -74.676223 NaN
21.493007 -74.662297 NaN
21.460951 -74.648222 NaN
21.428583 -74.633983 NaN
21.395850 -74.619563 NaN
21.362748 -74.604960 NaN
21.329274 -74.590173 NaN
21.295423 -74.575198 NaN
21.261192 -74.560034 NaN
21.226577 -74.544678 NaN
21.191575 -74.529128 NaN
21.156182 -74.513382 NaN
21.120394 -74.497437 NaN
21.084208 -74.481292 NaN
21.047621 -74.464944 NaN
21.010628 -74.448390 NaN
20.973227 -74.431628 NaN
20.935415 -74.414657 NaN
20.897188 -74.397474 NaN
20.858543 -74.380077 NaN
20.819477 -74.362463 NaN
20.779987 -74.344631 NaN
20.740071 -74.326579 NaN
20.699726 -74.308303 NaN
20.658949 -74.289803 NaN
20.617738 -74.271075 NaN
20.576090 -74.252119 NaN
20.534004 -74.232932 NaN
20.491477 -74.213513 NaN
20.448507 -74.193858 NaN
31.928026 -84.518725 NaN
31.857338 -84.456245 NaN
31.787533 -84.394721 NaN
31.718604 -84.334140 NaN
31.650545 -84.274488 NaN
31.583349 -84.215751 NaN
31.517010 -84.157916 NaN
31.451522 -84.100971 NaN
31.386859 -84.045039 NaN
31.322993 -83.990229 NaN
31.259910 -83.936505 NaN
31.197593 -83.883832 NaN
31.136032 -83.832177 NaN
31.075211 -83.781508 NaN
31.015119 -83.731793 NaN
30.955744 -83.683004 NaN
30.897074 -83.635112 NaN
30.839099 -83.588088 NaN
30.781808 -83.541907 NaN
30.725191 -83.496543 NaN
30.669239 -83.451971 NaN
30.613942 -83.408167 NaN
30.559293 -83.365108 NaN
30.505282 -83.322772 NaN
30.451903 -83.281138 NaN
30.399147 -83.240184 NaN
30.347008 -83.199892 NaN
30.295479 -83.160241 NaN
30.244553 -83.121214 NaN
30.194225 -83.082792 NaN
30.144489 -83.044958 NaN
30.095339 -83.007695 NaN
30.046771 -82.970987 NaN
29.998779 -82.934818 NaN
29.951360 -82.899174 NaN
29.904508 -82.864039 NaN
29.858220 -82.829400 NaN
29.812492 -82.795244 NaN
29.767278 -82.761613 NaN
29.722528 -82.728551 NaN
29.678238 -82.696048 NaN
29.634402 -82.664090 NaN
29.591015 -82.632667 NaN
29.548071 -82.601766 NaN
29.505565 -82.571377 NaN
29.463493 -82.541489 NaN
29.421850 -82.512093 NaN
29.380632 -82.483177 NaN
29.339833 -82.454733 NaN
29.299451 -82.426751 NaN
29.259480 -82.399221 NaN
29.219917 -82.372135 NaN
29.180758 -82.345485 NaN
29.142000 -82.319261 NaN
29.103638 -82.293456 NaN
29.065670 -82.268062 NaN
29.028093 -82.243071 NaN
28.990902 -82.218475 NaN
28.954096 -82.194268 NaN
23.425134 -77.623993 NaN
23.410125 -77.622484 NaN
23.395066 -77.620973 NaN
23.379955 -77.619459 NaN
23.364793 -77.617943 NaN
23.349562 -77.616416 NaN
23.334240 -77.614870 NaN
23.318826 -77.613307 NaN
23.303320 -77.611726 NaN
23.287720 -77.610128 NaN
23.272028 -77.608511 NaN
23.256241 -77.606878 NaN
23.240359 -77.605227 NaN
23.224384 -77.603559 NaN
23.208313 -77.601874 NaN
23.192148 -77.600173 NaN
23.175888 -77.598455 NaN
23.159533 -77.596721 NaN
23.143085 -77.594971 NaN
23.126544 -77.593205 NaN
23.109910 -77.591424 NaN
23.093184 -77.589628 NaN
23.076367 -77.587816 NaN
23.059461 -77.585991 NaN
23.042466 -77.584151 NaN
23.025385 -77.582297 NaN
23.008218 -77.580430 NaN
22.990967 -77.578549 NaN
22.973635 -77.576656 NaN
22.956224 -77.574751 NaN
22.938736 -77.572835 NaN
22.921173 -77.570907 NaN
22.903539 -77.568968 NaN
22.885835 -77.567020 NaN
22.868066 -77.565062 NaN
22.850202 -77.563088 NaN
22.832208 -77.561092 NaN
22.814086 -77.559073 NaN
22.795834 -77.557032 NaN
22.777452 -77.554967 NaN
22.758939 -77.552878 NaN
22.740296 -77.550765 NaN
22.721521 -77.548627 NaN
22.702616 -77.546465 NaN
22.683578 -77.544277 NaN
22.664410 -77.542063 NaN
22.645110 -77.539823 NaN
22.625679 -77.537557 NaN
22.606116 -77.535263 NaN
22.586423 -77.532943 NaN
22.566600 -77.530594 NaN
22.546647 -77.528218 NaN
22.526564 -77.525813 NaN
22.506353 -77.523380 NaN
22.486015 -77.520917 NaN
22.465549 -77.518425 NaN
22.444958 -77.515904 NaN
22.424242 -77.513352 NaN
22.403404 -77.510770 NaN
22.382443 -77.508157 NaN
22.361362 -77.505514 NaN
22.340162 -77.502839 NaN
22.318846 -77.500133 NaN
22.297414 -77.497395 NaN
22.275870 -77.494625 NaN
22.254180 -77.491820 NaN
22.232307 -77.488977 NaN
22.210252 -77.486095 NaN
22.188013 -77.483174 NaN
22.165589 -77.480213 NaN
22.142980 -77.477212 NaN
22.120184 -77.474168 NaN
22.097202 -77.471083 NaN
22.074033 -77.467955 NaN
22.050675 -77.464783 NaN
22.027130 -77.461566 NaN
22.003395 -77.458305 NaN
21.979472 -77.454998 NaN
21.955359 -77.451644 NaN
21.931057 -77.448244 NaN
21.906566 -77.444795 NaN
21.881885 -77.441297 NaN
21.857014 -77.437751 NaN
21.831955 -77.434154 NaN
21.806706 -77.430506 NaN
21.781269 -77.426806 NaN
21.755645 -77.423055 NaN
21.729832 -77.419250 NaN
21.703833 -77.415392 NaN
21.677649 -77.411479 NaN
21.651279 -77.407511 NaN
21.624726 -77.403487 NaN
21.597990 -77.399406 NaN
21.571073 -77.395268 NaN
21.543976 -77.391073 NaN
21.516658 -77.386815 NaN
21.489077 -77.382490 NaN
21.461229 -77.378097 NaN
21.433114 -77.373636 NaN
21.404730 -77.369104 NaN
21.376076 -77.364502 NaN
21.347150 -77.359828 NaN
21.317950 -77.355081 NaN
21.288476 -77.350260 NaN
21.258725 -77.345364 NaN
21.228698 -77.340392 NaN
21.198392 -77.335342 NaN
21.167806 -77.330214 NaN
21.136940 -77.325007 NaN
21.105793 -77.319719 NaN
21.074364 -77.314349 NaN
21.042651 -77.308896 NaN
21.010655 -77.303360 NaN
20.978375 -77.297739 NaN
20.945810 -77.292031 NaN
20.912961 -77.286237 NaN
20.879826 -77.280354 NaN
20.846406 -77.274381 NaN
20.812701 -77.268318 NaN
20.778710 -77.262163 NaN
20.744436 -77.255915 NaN
20.709876 -77.249574 NaN
20.675034 -77.243137 NaN
20.639908 -77.236604 NaN
20.604500 -77.229973 NaN
20.568757 -77.223237 NaN
20.532622 -77.216385 NaN
20.496092 -77.209417 NaN
20.459165 -77.202330 NaN
20.421838 -77.195123 NaN
20.384107 -77.187795 NaN
20.345971 -77.180344 NaN
20.307427 -77.172767 NaN
20.268471 -77.165064 NaN
20.229102 -77.157233 NaN
20.189318 -77.149271 NaN
20.149115 -77.141178 NaN
20.108492 -77.132951 NaN
20.067446 -77.124589 NaN
20.025976 -77.116090 NaN
19.984079 -77.107452 NaN
19.941754 -77.098674 NaN
19.898999 -77.089753 NaN
19.855813 -77.080687 NaN
19.812194 -77.071476 NaN
19.768140 -77.062117 NaN
19.723652 -77.052609 NaN
19.678727 -77.042949 NaN
19.633366 -77.033136 NaN
19.587567 -77.023168 NaN
19.541330 -77.013043 NaN
19.494655 -77.002760 NaN
19.447542 -76.992317 NaN
19.399991 -76.981711 NaN
19.352003 -76.970941 NaN
19.303504 -76.959992 NaN
19.254419 -76.948847 NaN
19.204743 -76.937503 NaN
19.154471 -76.925958 NaN
19.103599 -76.914208 NaN
19.052122 -76.902251 NaN
19.000038 -76.890085 NaN
18.947341 -76.877706 NaN
18.894029 -76.865111 NaN
18.840096 -76.852299 NaN
18.785540 -76.839265 NaN
18.730358 -76.826007 NaN
18.674545 -76.812522 NaN
18.618099 -76.798807 NaN
18.561018 -76.784859 NaN
18.503298 -76.770676 NaN
18.444936 -76.756254 NaN
18.385932 -76.741590 NaN
18.326283 -76.726683 NaN
18.265986 -76.711528 NaN
18.205041 -76.696122 NaN
18.143447 -76.680464 NaN
18.081202 -76.664549 NaN
18.018307 -76.648376 NaN
17.954760 -76.631941 NaN
17.890562 -76.615242 NaN
17.825713 -76.598275 NaN
17.760214 -76.581038 NaN
17.694066 -76.563529 NaN
17.627271 -76.545744 NaN
17.559727 -76.527658 NaN
17.491326 -76.509243 NaN
17.422063 -76.490495 NaN
17.351935 -76.471410 NaN
17.280937 -76.451984 NaN
17.209065 -76.432211 NaN
17.136316 -76.412088 NaN
17.062685 -76.391611 NaN
16.988172 -76.370774 NaN
16.912772 -76.349574 NaN
16.836483 -76.328006 NaN
16.759305 -76.306066 NaN
16.681234 -76.283750 NaN
16.602272 -76.261053 NaN
16.522416 -76.237971 NaN
16.441667 -76.214500 NaN
16.360025 -76.190636 NaN
16.277492 -76.166374 NaN
16.194069 -76.141711 NaN
16.109757 -76.116643 NaN
16.024560 -76.091166 NaN
15.938481 -76.065276 NaN
15.851523 -76.038968 NaN
15.763691 -76.012241 NaN
15.674990 -75.985089 NaN
26.956058 -78.609701 NaN
26.947737 -78.595764 NaN
26.939427 -78.581909 NaN
26.931130 -78.568134 NaN
26.922849 -78.554441 NaN
26.914586 -78.540830 NaN
26.906343 -78.527299 NaN
26.898123 -78.513850 NaN
26.889882 -78.500484 NaN
26.881579 -78.487206 NaN
26.873215 -78.474012 NaN
26.864795 -78.460902 NaN
26.856322 -78.447876 NaN
26.847799 -78.434932 NaN
26.839229 -78.422069 NaN
26.830616 -78.409287 NaN
26.821962 -78.396585 NaN
26.813272 -78.383961 NaN
26.804547 -78.371416 NaN
26.795792 -78.358949 NaN
26.787010 -78.346558 NaN
26.778204 -78.334244 NaN
26.769376 -78.322005 NaN
26.760531 -78.309841 NaN
26.751672 -78.297753 NaN
26.742801 -78.285738 NaN
26.733922 -78.273797 NaN
26.725038 -78.261930 NaN
26.716152 -78.250135 NaN
26.707268 -78.238414 NaN
26.698388 -78.226764 NaN
26.689516 -78.215187 NaN
26.680655 -78.203681 NaN
26.671808 -78.192247 NaN
26.662979 -78.180884 NaN
26.654170 -78.169592 NaN
26.645384 -78.158371 NaN
26.636626 -78.147222 NaN
26.627861 -78.136140 NaN
26.619058 -78.125124 NaN
26.610218 -78.114173 NaN
26.601342 -78.103286 NaN
26.592434 -78.092465 NaN
26.583495 -78.081708 NaN
26.574527 -78.071016 NaN
26.565532 -78.060388 NaN
26.556513 -78.049824 NaN
26.547470 -78.039324 NaN
26.538407 -78.028888 NaN
26.529326 -78.018516 NaN
26.520227 -78.008208 NaN
26.511114 -77.997963 NaN
26.501989 -77.987781 NaN
26.492852 -77.977663 NaN
26.483707 -77.967609 NaN
26.474555 -77.957618 NaN
26.465398 -77.947690 NaN
26.456238 -77.937826 NaN
26.447077 -77.928024 NaN
26.437917 -77.918287 NaN
26.428760 -77.908612 NaN
26.419608 -77.899001 NaN
26.410463 -77.889453 NaN
26.401327 -77.879969 NaN
26.392201 -77.870548 NaN
26.383088 -77.861191 NaN
26.373989 -77.851897 NaN
26.364907 -77.842667 NaN
26.355819 -77.833494 NaN
26.346702 -77.824375 NaN
26.337558 -77.815308 NaN
26.328388 -77.806293 NaN
26.319193 -77.797331 NaN
26.309976 -77.788422 NaN
26.300738 -77.779566 NaN
26.291480 -77.770762 NaN
26.282204 -77.762011 NaN
26.272911 -77.753313 NaN
26.263603 -77.744668 NaN
26.254281 -77.736076 NaN
26.244947 -77.727537 NaN
26.235603 -77.719051 NaN
26.226249 -77.710619 NaN
26.216888 -77.702240 NaN
26.207520 -77.693914 NaN
26.198147 -77.685642 NaN
26.188771 -77.677423 NaN
26.179393 -77.669258 NaN
26.170014 -77.661147 NaN
26.160637 -77.653090 NaN
26.151262 -77.645086 NaN
26.141890 -77.637137 NaN
26.132524 -77.629243 NaN
26.123164 -77.621402 NaN
26.113813 -77.613616 NaN
26.104470 -77.605885 NaN
26.095139 -77.598208 NaN
26.085820 -77.590586 NaN
26.076495 -77.583013 NaN
26.067147 -77.575482 NaN
26.057775 -77.567994 NaN
26.048383 -77.560548 NaN
26.038970 -77.553145 NaN
26.029539 -77.545785 NaN
26.020090 -77.538467 NaN
26.010625 -77.531193 NaN
26.001144 -77.523962 NaN
25.991650 -77.516774 NaN
25.982142 -77.509630 NaN
25.972624 -77.502530 NaN
25.963094 -77.495473 NaN
25.953556 -77.488461 NaN
25.944010 -77.481492 NaN
25.934456 -77.474568 NaN
25.924897 -77.467688 NaN
25.915334 -77.460852 NaN
25.905767 -77.454061 NaN
25.896198 -77.447315 NaN
25.886628 -77.440614 NaN
25.877057 -77.433958 NaN
25.867488 -77.427348 NaN
25.857922 -77.420782 NaN
25.848358 -77.414263 NaN
25.838800 -77.407789 NaN
25.829247 -77.401361 NaN
25.819700 -77.394978 NaN
25.810162 -77.388643 NaN
25.800632 -77.382353 NaN
25.791096 -77.376103 NaN
25.781538 -77.369887 NaN
25.771960 -77.363705 NaN
25.762361 -77.357557 NaN
25.752744 -77.351443 NaN
25.743109 -77.345363 NaN
25.733458 -77.339318 NaN
25.723791 -77.333307 NaN
25.714109 -77.327332 NaN
25.704414 -77.321391 NaN
25.694706 -77.315485 NaN
25.684986 -77.309615 NaN
25.675256 -77.303780 NaN
25.665517 -77.297980 NaN
25.655769 -77.292217 NaN
25.646013 -77.286489 NaN
25.636250 -77.280798 NaN
25.626482 -77.275142 NaN
25.616709 -77.269524 NaN
25.606932 -77.263942 NaN
25.597152 -77.258396 NaN
25.587371 -77.252888 NaN
25.577588 -77.247416 NaN
25.567805 -77.241982 NaN
25.558023 -77.236585 NaN
25.548243 -77.231226 NaN
25.538465 -77.225904 NaN
25.528691 -77.220621 NaN
25.518922 -77.215375 NaN
25.509158 -77.210168 NaN
25.499385 -77.204993 NaN
25.489590 -77.199843 NaN
25.479773 -77.194721 NaN
25.469936 -77.189624 NaN
25.460079 -77.184554 NaN
25.450203 -77.179511 NaN
25.440310 -77.174495 NaN
25.430400 -77.169506 NaN
25.420473 -77.164544 NaN
25.410532 -77.159610 NaN
25.400576 -77.154703 NaN
25.390606 -77.149824 NaN
25.380624 -77.144973 NaN
25.370631 -77.140150 NaN
25.360626 -77.135355 NaN
25.350611 -77.130588 NaN
25.340588 -77.125850 NaN
25.330555 -77.121140 NaN
25.320516 -77.116459 NaN
25.310469 -77.111806 NaN
25.300416 -77.107183 NaN
25.290358 -77.102589 NaN
25.280296 -77.098024 NaN
25.270230 -77.093489 NaN
25.260161 -77.088983 NaN
25.250090 -77.084507 NaN
25.240018 -77.080061 NaN
25.229945 -77.075644 NaN
25.219872 -77.071258 NaN
25.209800 -77.066902 NaN
25.199716 -77.062571 NaN
25.189606 -77.058259 NaN
25.179472 -77.053967 NaN
25.169315 -77.049695 NaN
25.159134 -77.045444 NaN
25.148932 -77.041212 NaN
25.138709 -77.037000 NaN
25.128465 -77.032809 NaN
25.118202 -77.028638 NaN
25.107920 -77.024487 NaN
25.097621 -77.020357 NaN
25.087304 -77.016248 NaN
25.076970 -77.012160 NaN
25.066621 -77.008092 NaN
25.056258 -77.004045 NaN
25.045880 -77.000019 NaN
25.035488 -76.996014 NaN
25.025084 -76.992031 NaN
25.014668 -76.988068 NaN
25.004240 -76.984127 NaN
24.993802 -76.980208 NaN
24.983353 -76.976309 NaN
24.972895 -76.972432 NaN
24.962429 -76.968577 NaN
24.951954 -76.964743 NaN
24.941472 -76.960931 NaN
24.930983 -76.957141 NaN
24.920488 -76.953372 NaN
24.909987 -76.949626 NaN
24.899481 -76.945901 NaN
24.888958 -76.942194 NaN
24.878403 -76.938502 NaN
24.867819 -76.934824 NaN
24.857206 -76.931160 NaN
24.846565 -76.927511 NaN
24.835896 -76.923876 NaN
24.825201 -76.920255 NaN
24.814480 -76.916649 NaN
24.803734 -76.913056 NaN
24.792963 -76.909478 NaN
24.782169 -76.905913 NaN
24.771352 -76.902363 NaN
24.760513 -76.898826 NaN
24.749652 -76.895303 NaN
24.738770 -76.891794 NaN
24.727867 -76.888298 NaN
24.716946 -76.884816 NaN
24.706005 -76.881348 NaN
24.695045 -76.877893 NaN
24.684068 -76.874451 NaN
24.673073 -76.871023 NaN
24.662061 -76.867607 NaN
24.651033 -76.864205 NaN
24.639989 -76.860815 NaN
24.628930 -76.857439 NaN
24.617856 -76.854074 NaN
24.606768 -76.850723 NaN
24.595666 -76.847384 NaN
24.584550 -76.844057 NaN
24.573421 -76.840742 NaN
24.562266 -76.837439 NaN
24.551072 -76.834147 NaN
24.539840 -76.830867 NaN
24.528571 -76.827597 NaN
24.517265 -76.824338 NaN
24.505924 -76.821089 NaN
24.494548 -76.817849 NaN
24.483138 -76.814618 NaN
24.471695 -76.811396 NaN
24.460219 -76.808183 NaN
24.448711 -76.804977 NaN
24.437172 -76.801778 NaN
24.425603 -76.798587 NaN
24.414003 -76.795402 NaN
24.402374 -76.792223 NaN
24.390716 -76.789050 NaN
24.379030 -76.785881 NaN
24.367315 -76.782717 NaN
24.355573 -76.779557 NaN
24.343804 -76.776401 NaN
24.332009 -76.773248 NaN
24.320187 -76.770097 NaN
24.308339 -76.766948 NaN
24.296465 -76.763800 NaN
24.284565 -76.760653 NaN
24.272641 -76.757506 NaN
24.260691 -76.754359 NaN
24.248716 -76.751211 NaN
24.236717 -76.748061 NaN
24.224692 -76.744909 NaN
24.212629 -76.741766 NaN
24.200514 -76.738642 NaN
24.188349 -76.735537 NaN
24.176134 -76.732448 NaN
24.163871 -76.729372 NaN
24.151560 -76.726310 NaN
24.139204 -76.723258 NaN
24.126802 -76.720215 NaN
24.114357 -76.717179 NaN
24.101867 -76.714148 NaN
24.089335 -76.711120 NaN
24.076762 -76.708093 NaN
24.064146 -76.705065 NaN
24.051490 -76.702034 NaN
24.038792 -76.698998 NaN
24.026055 -76.695955 NaN
24.013277 -76.692902 NaN
24.000459 -76.689839 NaN
23.987602 -76.686761 NaN
23.974704 -76.683668 NaN
23.961766 -76.680556 NaN
23.948787 -76.677424 NaN
23.935768 -76.674270 NaN
23.922707 -76.671090 NaN
23.909605 -76.667882 NaN
23.896460 -76.664645 NaN
23.883272 -76.661374 NaN
23.870039 -76.658069 NaN
23.856762 -76.654726 NaN
23.843439 -76.651343 NaN
23.830060 -76.647938 NaN
23.816617 -76.644535 NaN
23.803109 -76.641133 NaN
23.789539 -76.637733 NaN
23.775904 -76.634335 NaN
23.762207 -76.630940 NaN
23.748448 -76.627549 NaN
23.734625 -76.624161 NaN
23.720741 -76.620778 NaN
23.706796 -76.617400 NaN
23.692788 -76.614028 NaN
23.678720 -76.610662 NaN
23.664592 -76.607302 NaN
23.650403 -76.603950 NaN
23.636155 -76.600605 NaN
23.621847 -76.597269 NaN
23.607480 -76.593941 NaN
23.593054 -76.590623 NaN
23.578571 -76.587316 NaN
23.564029 -76.584019 NaN
23.549430 -76.580733 NaN
23.534775 -76.577459 NaN
23.520063 -76.574197 NaN
23.505295 -76.570949 NaN
23.490471 -76.567714 NaN
23.475592 -76.564494 NaN
23.460659 -76.561288 NaN
23.445672 -76.558099 NaN
23.430631 -76.554925 NaN
23.415537 -76.551768 NaN
23.400373 -76.548582 NaN
23.385118 -76.545322 NaN
23.369773 -76.541991 NaN
23.354336 -76.538591 NaN
23.338806 -76.535125 NaN
23.323183 -76.531595 NaN
23.307466 -76.528004 NaN
23.291654 -76.524356 NaN
23.275748 -76.520652 NaN
23.259746 -76.516896 NaN
23.243649 -76.513090 NaN
23.227456 -76.509238 NaN
23.211167 -76.505342 NaN
23.194784 -76.501406 NaN
23.178305 -76.497432 NaN
23.161731 -76.493424 NaN
23.145063 -76.489384 NaN
23.128302 -76.485317 NaN
23.111448 -76.481226 NaN
23.094502 -76.477113 NaN
23.077466 -76.472983 NaN
23.060340 -76.468839 NaN
23.043126 -76.464685 NaN
23.025826 -76.460524 NaN
23.008440 -76.456360 NaN
22.990972 -76.452197 NaN
22.973424 -76.448039 NaN
22.955796 -76.443889 NaN
22.938093 -76.439753 NaN
22.920316 -76.435633 NaN
22.902439 -76.431492 NaN
22.884434 -76.427287 NaN
22.866300 -76.423019 NaN
22.848036 -76.418690 NaN
22.829642 -76.414300 NaN
22.811116 -76.409851 NaN
22.792459 -76.405343 NaN
22.773670 -76.400778 NaN
22.754748 -76.396156 NaN
22.735693 -76.391480 NaN
22.716505 -76.386749 NaN
22.697182 -76.381965 NaN
22.677726 -76.377130 NaN
22.658135 -76.372244 NaN
22.638410 -76.367309 NaN
22.618551 -76.362326 NaN
22.598558 -76.357296 NaN
22.578430 -76.352221 NaN
22.558168 -76.347102 NaN
22.537773 -76.341940 NaN
22.517244 -76.336738 NaN
22.496582 -76.331496 NaN
22.475788 -76.326216 NaN
22.454862 -76.320899 NaN
22.433805 -76.315548 NaN
22.412618 -76.310164 NaN
22.391302 -76.304748 NaN
22.369858 -76.299303 NaN
22.348287 -76.293830 NaN
22.326589 -76.288331 NaN
22.304737 -76.282780 NaN
22.282696 -76.277151 NaN
22.260468 -76.271443 NaN
22.238049 -76.265657 NaN
22.215439 -76.259792 NaN
22.192637 -76.253849 NaN
22.169642 -76.247828 NaN
22.146453 -76.241728 NaN
22.123068 -76.235550 NaN
22.099486 -76.229295 NaN
22.075708 -76.222961 NaN
22.051731 -76.216549 NaN
22.027555 -76.210059 NaN
22.003179 -76.203492 NaN
21.978603 -76.196848 NaN
21.953826 -76.190126 NaN
21.928847 -76.183328 NaN
21.903666 -76.176452 NaN
21.878283 -76.169501 NaN
21.852696 -76.162473 NaN
21.826907 -76.155369 NaN
21.800913 -76.148190 NaN
21.774717 -76.140935 NaN
21.748317 -76.133606 NaN
21.721713 -76.126203 NaN
21.694906 -76.118726 NaN
21.667896 -76.111175 NaN
21.640683 -76.103552 NaN
21.613269 -76.095857 NaN
21.585653 -76.088090 NaN
21.557795 -76.080232 NaN
21.529655 -76.072264 NaN
21.501231 -76.064184 NaN
21.472519 -76.055992 NaN
21.443517 -76.047686 NaN
21.414224 -76.039265 NaN
20.626098 -75.462800 NaN
20.588290 -75.450289 NaN
20.550049 -75.437599 NaN
20.511371 -75.424726 NaN
20.472252 -75.411670 NaN
20.432688 -75.398428 NaN
20.392676 -75.384998 NaN
20.352211 -75.371378 NaN
20.311291 -75.357567 NaN
20.269911 -75.343561 NaN
20.228069 -75.329360 NaN
20.185760 -75.314960 NaN
20.142982 -75.300361 NaN
20.099732 -75.285559 NaN
20.056006 -75.270554 NaN
20.011802 -75.255343 NaN
19.967116 -75.239923 NaN
19.921946 -75.224294 NaN
19.876289 -75.208452 NaN
19.830144 -75.192397 NaN
19.783507 -75.176126 NaN
19.736376 -75.159637 NaN
19.688750 -75.142929 NaN
19.640627 -75.126000 NaN
19.592006 -75.108847 NaN
19.542808 -75.091453 NaN
19.492951 -75.073795 NaN
19.442430 -75.055870 NaN
19.391236 -75.037673 NaN
19.339364 -75.019199 NaN
19.286806 -75.000444 NaN
19.233556 -74.981403 NaN
19.179607 -74.962071 NaN
19.124953 -74.942444 NaN
19.069588 -74.922516 NaN
19.013505 -74.902284 NaN
18.956699 -74.881741 NaN
18.899163 -74.860884 NaN
18.840891 -74.839708 NaN
18.781879 -74.818206 NaN
18.722121 -74.796376 NaN
18.661612 -74.774211 NaN
18.600346 -74.751707 NaN
18.538320 -74.728858 NaN
18.475529 -74.705661 NaN
18.411968 -74.682109 NaN
18.347634 -74.658199 NaN
18.282524 -74.633924 NaN
18.216634 -74.609281 NaN
18.149962 -74.584264 NaN
18.082505 -74.558869 NaN
18.014261 -74.533090 NaN
17.945229 -74.506922 NaN
17.875408 -74.480362 NaN
17.804796 -74.453404 NaN
28.517391 -73.933534 NaN
28.530508 -73.899420 NaN
28.543607 -73.865036 NaN
28.556686 -73.830383 NaN
28.569745 -73.795467 NaN
28.582783 -73.760290 NaN
28.595801 -73.724858 NaN
28.608795 -73.689174 NaN
28.621767 -73.653243 NaN
28.634715 -73.617070 NaN
28.647638 -73.580661 NaN
28.660534 -73.544021 NaN
28.673404 -73.507155 NaN
28.686245 -73.470071 NaN
28.699056 -73.432774 NaN
28.711839 -73.395190 NaN
28.724592 -73.357240 NaN
28.737315 -73.318926 NaN
28.750008 -73.280246 NaN
28.762669 -73.241203 NaN
28.775296 -73.201797 NaN
28.787889 -73.162030 NaN
28.800446 -73.121901 NaN
28.812966 -73.081414 NaN
28.825448 -73.040569 NaN
28.837889 -72.999368 NaN
28.850290 -72.957814 NaN
28.862647 -72.915908 NaN
28.874959 -72.873654 NaN
28.887225 -72.831052 NaN
28.899443 -72.788108 NaN
28.911612 -72.744822 NaN
28.923728 -72.701200 NaN
28.935790 -72.657243 NaN
28.947797 -72.612958 NaN
28.959746 -72.568346 NaN
28.971635 -72.523413 NaN
28.983462 -72.478163 NaN
28.995225 -72.432602 NaN
29.006922 -72.386733 NaN
29.018549 -72.340564 NaN
29.030106 -72.294099 NaN
29.041589 -72.247345 NaN
29.052996 -72.200308 NaN
29.064325 -72.152995 NaN
29.075582 -72.105322 NaN
29.086777 -72.057199 NaN
29.097906 -72.008627 NaN
29.108966 -71.959608 NaN
29.119957 -71.910143 NaN
29.130875 -71.860233 NaN
29.141717 -71.809880 NaN
29.152482 -71.759085 NaN
29.163167 -71.707852 NaN
29.173768 -71.656181 NaN
29.184284 -71.604076 NaN
29.194711 -71.551539 NaN
29.205046 -71.498573 NaN
29.215287 -71.445182 NaN
29.225431 -71.391369 NaN
29.235474 -71.337138 NaN
29.245414 -71.282492 NaN
29.255248 -71.227437 NaN
29.264971 -71.171977 NaN
29.274582 -71.116116 NaN
29.284077 -71.059861 NaN
29.293452 -71.003216 NaN
29.302705 -70.946188 NaN
29.311831 -70.888782 NaN
29.320828 -70.831005 NaN
29.329691 -70.772864 NaN
29.338418 -70.714367 NaN
29.347006 -70.655520 NaN
29.355449 -70.596331 NaN
29.363746 -70.536810 NaN
29.371905 -70.476854 NaN
29.379938 -70.416359 NaN
29.387840 -70.355327 NaN
29.395608 -70.293759 NaN
29.403237 -70.231659 NaN
29.410725 -70.169029 NaN
29.418067 -70.105872 NaN
29.425260 -70.042191 NaN
29.432299 -69.977990 NaN
29.439180 -69.913274 NaN
29.445899 -69.848045 NaN
29.452453 -69.782309 NaN
29.458837 -69.716070 NaN
29.465047 -69.649333 NaN
29.471078 -69.582104 NaN
29.476927 -69.514388 NaN
29.482589 -69.446192 NaN
29.488060 -69.377522 NaN
29.493335 -69.308384 NaN
29.498410 -69.238786 NaN
29.503281 -69.168735 NaN
29.507944 -69.098239 NaN
29.512394 -69.027306 NaN
29.516626 -68.955944 NaN
29.520636 -68.884163 NaN
29.524421 -68.811972 NaN
29.527975 -68.739380 NaN
29.531294 -68.666397 NaN
29.534374 -68.593035 NaN
29.537210 -68.519303 NaN
29.539811 -68.445082 NaN
29.542183 -68.370247 NaN
29.544323 -68.294801 NaN
27.990614 -74.323290 NaN
28.015209 -74.307706 NaN
28.039997 -74.291906 NaN
28.064975 -74.275885 NaN
28.090145 -74.259638 NaN
28.115505 -74.243158 NaN
28.141056 -74.226441 NaN
28.166798 -74.209480 NaN
28.192729 -74.192270 NaN
28.218850 -74.174803 NaN
28.245160 -74.157075 NaN
28.271660 -74.139078 NaN
28.298350 -74.120805 NaN
28.325228 -74.102251 NaN
28.352295 -74.083408 NaN
28.379551 -74.064269 NaN
28.406995 -74.044827 NaN
28.434628 -74.025075 NaN
28.462450 -74.005004 NaN
28.490460 -73.984608 NaN
28.518716 -73.963941 NaN
28.547272 -73.943060 NaN
28.576129 -73.921954 NaN
28.605283 -73.900615 NaN
28.634736 -73.879032 NaN
28.664484 -73.857195 NaN
28.694526 -73.835095 NaN
28.724863 -73.812719 NaN
28.755491 -73.790059 NaN
28.786412 -73.767101 NaN
28.817622 -73.743836 NaN
28.849122 -73.720251 NaN
28.880911 -73.696334 NaN
28.912987 -73.672072 NaN
28.945350 -73.647454 NaN
28.977999 -73.622465 NaN
29.010933 -73.597092 NaN
29.044153 -73.571322 NaN
29.077656 -73.545141 NaN
29.111443 -73.518533 NaN
29.145514 -73.491483 NaN
29.179867 -73.463977 NaN
29.214503 -73.435998 NaN
29.249421 -73.407530 NaN
29.284622 -73.378556 NaN
29.320105 -73.349058 NaN
29.355870 -73.319019 NaN
29.391917 -73.288421 NaN
29.428247 -73.257243 NaN
29.464859 -73.225468 NaN
29.501819 -73.193184 NaN
29.539192 -73.160489 NaN
29.576982 -73.127377 NaN
29.615192 -73.093842 NaN
29.653825 -73.059876 NaN
29.692885 -73.025472 NaN
29.732375 -72.990624 NaN
29.772298 -72.955323 NaN
29.812658 -72.919563 NaN
29.853459 -72.883336 NaN
29.894704 -72.846634 NaN
29.936396 -72.809448 NaN
29.978539 -72.771772 NaN
30.021138 -72.733596 NaN
30.064195 -72.694912 NaN
30.107715 -72.655711 NaN
30.151701 -72.615985 NaN
30.196158 -72.575724 NaN
30.241089 -72.534919 NaN
30.286499 -72.493560 NaN
30.332391 -72.451638 NaN
30.378770 -72.409142 NaN
30.425640 -72.366063 NaN
30.473006 -72.322390 NaN
30.520871 -72.278113 NaN
30.569240 -72.233220 NaN
30.618117 -72.187700 NaN
30.667507 -72.141542 NaN
30.717415 -72.094734 NaN
30.767845 -72.047265 NaN
30.818798 -71.998990 NaN
30.870276 -71.949772 NaN
30.922288 -71.899607 NaN
30.974841 -71.848490 NaN
31.027944 -71.796417 NaN
31.081604 -71.743387 NaN
31.135829 -71.689394 NaN
31.190625 -71.634437 NaN
31.246001 -71.578514 NaN
31.301962 -71.521622 NaN
31.358515 -71.463761 NaN
31.415667 -71.404928 NaN
31.473424 -71.345124 NaN
31.531791 -71.284349 NaN
19.681704 -74.021919 NaN
19.724466 -74.027084 NaN
19.766956 -74.032301 NaN
19.809170 -74.037566 NaN
19.851106 -74.042877 NaN
19.892760 -74.048231 NaN
19.934128 -74.053626 NaN
19.975210 -74.059059 NaN
20.016001 -74.064527 NaN
20.056499 -74.070028 NaN
20.096704 -74.075560 NaN
20.136612 -74.081121 NaN
20.176222 -74.086708 NaN
20.215532 -74.092319 NaN
20.254542 -74.097952 NaN
20.293249 -74.103604 NaN
20.331654 -74.109274 NaN
20.369754 -74.114959 NaN
20.407550 -74.120658 NaN
20.445041 -74.126369 NaN
20.482226 -74.132090 NaN
20.519106 -74.137818 NaN
20.555679 -74.143553 NaN
20.591946 -74.149291 NaN
20.627908 -74.155033 NaN
20.663564 -74.160775 NaN
20.698914 -74.166517 NaN
20.733959 -74.172257 NaN
20.768758 -74.178014 NaN
20.803365 -74.183807 NaN
20.837775 -74.189633 NaN
20.871986 -74.195488 NaN
20.905993 -74.201368 NaN
20.939792 -74.207271 NaN
20.973380 -74.213193 NaN
21.006754 -74.219130 NaN
21.039911 -74.225080 NaN
21.072848 -74.231039 NaN
21.105563 -74.237005 NaN
21.138054 -74.242975 NaN
21.170318 -74.248945 NaN
21.202354 -74.254913 NaN
21.234160 -74.260876 NaN
21.265734 -74.266831 NaN
21.297075 -74.272777 NaN
21.328182 -74.278709 NaN
21.359054 -74.284626 NaN
21.389689 -74.290526 NaN
21.420088 -74.296406 NaN
21.450250 -74.302263 NaN
21.480174 -74.308095 NaN
21.509860 -74.313900 NaN
21.539307 -74.319677 NaN
21.568517 -74.325422 NaN
21.597488 -74.331134 NaN
21.626222 -74.336810 NaN
21.654718 -74.342450 NaN
21.682976 -74.348050 NaN
21.711052 -74.353645 NaN
21.738994 -74.359269 NaN
21.766801 -74.364917 NaN
21.794467 -74.370586 NaN
21.821989 -74.376274 NaN
21.849365 -74.381975 NaN
21.876590 -74.387687 NaN
21.903663 -74.393408 NaN
21.930580 -74.399132 NaN
21.957340 -74.404859 NaN
21.983939 -74.410583 NaN
22.010376 -74.416303 NaN
22.036649 -74.422016 NaN
22.062756 -74.427718 NaN
22.088696 -74.433407 NaN
22.114467 -74.439081 NaN
22.140068 -74.444735 NaN
22.165498 -74.450369 NaN
22.190755 -74.455979 NaN
22.215840 -74.461563 NaN
22.240752 -74.467119 NaN
22.265489 -74.472643 NaN
22.290053 -74.478134 NaN
22.314441 -74.483590 NaN
22.338655 -74.489008 NaN
22.362694 -74.494387 NaN
22.386558 -74.499723 NaN
22.410248 -74.505015 NaN
22.433764 -74.510261 NaN
22.457106 -74.515459 NaN
22.480304 -74.520610 NaN
22.503387 -74.525719 NaN
22.526355 -74.530788 NaN
22.549208 -74.535822 NaN
22.571946 -74.540824 NaN
22.594569 -74.545796 NaN
22.617078 -74.550744 NaN
22.639473 -74.555669 NaN
22.661753 -74.560575 NaN
22.683920 -74.565466 NaN
22.705972 -74.570344 NaN
22.727910 -74.575213 NaN
22.749734 -74.580076 NaN
22.771445 -74.584936 NaN
22.793043 -74.589796 NaN
22.814527 -74.594659 NaN
22.835898 -74.599529 NaN
22.857156 -74.604407 NaN
22.878301 -74.609298 NaN
22.899334 -74.614203 NaN
22.920254 -74.619127 NaN
22.941062 -74.624071 NaN
22.961758 -74.629040 NaN
22.982343 -74.634034 NaN
23.002815 -74.639058 NaN
23.023177 -74.644115 NaN
23.043427 -74.649206 NaN
23.063566 -74.654335 NaN
23.083594 -74.659504 NaN
23.103511 -74.664717 NaN
23.123322 -74.669884 NaN
23.143031 -74.674920 NaN
23.162639 -74.679832 NaN
23.182150 -74.684629 NaN
23.201563 -74.689316 NaN
23.220882 -74.693901 NaN
23.240107 -74.698392 NaN
23.259240 -74.702794 NaN
23.278282 -74.707115 NaN
23.297235 -74.711361 NaN
23.316099 -74.715539 NaN
23.334876 -74.719657 NaN
23.353567 -74.723719 NaN
23.372173 -74.727733 NaN
23.390695 -74.731706 NaN
23.409133 -74.735642 NaN
23.427488 -74.739550 NaN
23.445762 -74.743434 NaN
23.463954 -74.747302 NaN
23.482065 -74.751158 NaN
23.500096 -74.755010 NaN
23.518047 -74.758863 NaN
23.535919 -74.762723 NaN
23.553711 -74.766595 NaN
23.571425 -74.770487 NaN
23.589060 -74.774403 NaN
23.606616 -74.778349 NaN
23.624094 -74.782331 NaN
23.641493 -74.786355 NaN
23.658814 -74.790426 NaN
23.676065 -74.794487 NaN
23.693255 -74.798481 NaN
23.710385 -74.802409 NaN
23.727456 -74.806273 NaN
23.744468 -74.810073 NaN
23.761422 -74.813813 NaN
23.778319 -74.817493 NaN
23.795158 -74.821114 NaN
23.811940 -74.824679 NaN
23.828666 -74.828189 NaN
23.845336 -74.831646 NaN
23.861949 -74.835050 NaN
23.878507 -74.838403 NaN
23.895010 -74.841707 NaN
23.911457 -74.844963 NaN
23.927848 -74.848173 NaN
23.944184 -74.851337 NaN
23.960465 -74.854457 NaN
23.976690 -74.857534 NaN
23.992860 -74.860570 NaN
24.008974 -74.863566 NaN
24.025032 -74.866523 NaN
24.041034 -74.869442 NaN
24.056980 -74.872325 NaN
24.072869 -74.875172 NaN
24.088701 -74.877986 NaN
24.104475 -74.880766 NaN
24.120192 -74.883515 NaN
24.135850 -74.886233 NaN
24.151449 -74.888922 NaN
24.167003 -74.891587 NaN
24.182526 -74.894232 NaN
24.198017 -74.896857 NaN
24.213477 -74.899461 NaN
24.228906 -74.902043 NaN
24.244305 -74.904603 NaN
24.259673 -74.907138 NaN
24.275009 -74.909648 NaN
24.290316 -74.912133 NaN
24.305591 -74.914592 NaN
24.320836 -74.917023 NaN
24.336049 -74.919426 NaN
24.351231 -74.921799 NaN
24.366382 -74.924142 NaN
24.381501 -74.926453 NaN
24.396588 -74.928733 NaN
24.411643 -74.930979 NaN
24.426665 -74.933191 NaN
24.441654 -74.935368 NaN
24.456609 -74.937509 NaN
24.471530 -74.939612 NaN
24.486417 -74.941678 NaN
24.501268 -74.943704 NaN
24.516083 -74.945690 NaN
24.530862 -74.947634 NaN
24.545604 -74.949537 NaN
24.560308 -74.951396 NaN
24.574973 -74.953210 NaN
24.589599 -74.954979 NaN
24.604185 -74.956702 NaN
24.618746 -74.958381 NaN
24.633300 -74.960020 NaN
24.647846 -74.961619 NaN
24.662385 -74.963178 NaN
24.676914 -74.964697 NaN
24.691436 -74.966176 NaN
24.705949 -74.967615 NaN
24.720452 -74.969013 NaN
24.734946 -74.970371 NaN
24.749431 -74.971689 NaN
24.763905 -74.972966 NaN
24.778369 -74.974203 NaN
24.792822 -74.975399 NaN
24.807264 -74.976553 NaN
24.821694 -74.977667 NaN
24.836112 -74.978740 NaN
24.850517 -74.979771 NaN
24.864909 -74.980761 NaN
24.879287 -74.981709 NaN
24.893650 -74.982615 NaN
24.907999 -74.983480 NaN
24.922332 -74.984302 NaN
24.936649 -74.985081 NaN
24.950949 -74.985818 NaN
24.965231 -74.986512 NaN
24.979495 -74.987163 NaN
24.993740 -74.987771 NaN
25.007965 -74.988335 NaN
25.022170 -74.988856 NaN
25.036353 -74.989332 NaN
25.050533 -74.989762 NaN
25.064727 -74.990143 NaN
25.078934 -74.990473 NaN
25.093154 -74.990755 NaN
25.107387 -74.990986 NaN
25.121633 -74.991169 NaN
25.135890 -74.991301 NaN
25.150159 -74.991384 NaN
25.164438 -74.991418 NaN
25.178729 -74.991401 NaN
25.193029 -74.991335 NaN
25.207339 -74.991219 NaN
25.221658 -74.991052 NaN
25.235985 -74.990836 NaN
25.250320 -74.990569 NaN
25.264662 -74.990252 NaN
25.279011 -74.989884 NaN
25.293367 -74.989466 NaN
25.307727 -74.988996 NaN
25.322093 -74.988476 NaN
25.336463 -74.987905 NaN
25.350836 -74.987283 NaN
25.365212 -74.986609 NaN
25.379590 -74.985884 NaN
25.393969 -74.985106 NaN
25.408350 -74.984277 NaN
25.422730 -74.983396 NaN
25.437109 -74.982462 NaN
25.451486 -74.981476 NaN
25.465861 -74.980437 NaN
25.480253 -74.979342 NaN
25.494681 -74.978187 NaN
25.509145 -74.976971 NaN
25.523645 -74.975696 NaN
25.538179 -74.974359 NaN
25.552747 -74.972962 NaN
25.567350 -74.971504 NaN
25.581986 -74.969984 NaN
25.596654 -74.968403 NaN
25.611355 -74.966761 NaN
25.626087 -74.965056 NaN
25.640851 -74.963288 NaN
25.655645 -74.961458 NaN
25.670469 -74.959565 NaN
25.685323 -74.957608 NaN
25.700205 -74.955588 NaN
25.715115 -74.953504 NaN
25.730053 -74.951356 NaN
25.745018 -74.949142 NaN
25.760009 -74.946864 NaN
25.775026 -74.944521 NaN
25.790067 -74.942111 NaN
25.805132 -74.939636 NaN
25.820221 -74.937093 NaN
25.835333 -74.934484 NaN
25.850467 -74.931807 NaN
25.865621 -74.929063 NaN
25.880797 -74.926250 NaN
25.895992 -74.923368 NaN
25.911205 -74.920418 NaN
25.926460 -74.917395 NaN
25.941777 -74.914297 NaN
25.957156 -74.911124 NaN
25.972596 -74.907875 NaN
25.988098 -74.904549 NaN
26.003660 -74.901146 NaN
26.019282 -74.897666 NaN
26.034964 -74.894106 NaN
26.050705 -74.890468 NaN
26.066504 -74.886750 NaN
26.082362 -74.882951 NaN
26.098276 -74.879071 NaN
26.114248 -74.875110 NaN
26.130275 -74.871066 NaN
26.146359 -74.866938 NaN
26.162497 -74.862727 NaN
26.178691 -74.858430 NaN
26.194938 -74.854048 NaN
26.211238 -74.849580 NaN
26.227592 -74.845024 NaN
26.243997 -74.840381 NaN
26.260455 -74.835649 NaN
26.276963 -74.830827 NaN
26.293521 -74.825914 NaN
26.310129 -74.820910 NaN
26.326785 -74.815813 NaN
26.343490 -74.810624 NaN
26.360243 -74.805340 NaN
26.377043 -74.799961 NaN
26.393888 -74.794486 NaN
26.410805 -74.788914 NaN
26.427819 -74.783243 NaN
26.444929 -74.777474 NaN
26.462136 -74.771605 NaN
26.479438 -74.765634 NaN
26.496835 -74.759560 NaN
26.514327 -74.753383 NaN
26.531913 -74.747100 NaN
26.549593 -74.740710 NaN
26.567367 -74.734213 NaN
26.585234 -74.727606 NaN
26.603193 -74.720889 NaN
26.621245 -74.714059 NaN
26.639389 -74.707117 NaN
26.657624 -74.700059 NaN
26.675951 -74.692884 NaN
26.694368 -74.685592 NaN
26.712875 -74.678180 NaN
26.731472 -74.670647 NaN
26.750158 -74.662991 NaN
26.768934 -74.655210 NaN
26.787797 -74.647304 NaN
26.806749 -74.639270 NaN
26.825788 -74.631106 NaN
26.844915 -74.622811 NaN
26.864128 -74.614384 NaN
26.883427 -74.605821 NaN
26.902812 -74.597121 NaN
26.922283 -74.588283 NaN
26.941838 -74.579304 NaN
26.961508 -74.570187 NaN
26.981325 -74.560936 NaN
27.001286 -74.551548 NaN
27.021394 -74.542020 NaN
27.041646 -74.532352 NaN
27.062044 -74.522539 NaN
27.082586 -74.512580 NaN
27.103273 -74.502473 NaN
27.124105 -74.492214 NaN
27.145082 -74.481802 NaN
27.166203 -74.471234 NaN
27.187468 -74.460507 NaN
27.208878 -74.449618 NaN
27.230431 -74.438564 NaN
27.252129 -74.427344 NaN
27.273971 -74.415954 NaN
27.295956 -74.404390 NaN
27.318086 -74.392651 NaN
27.340359 -74.380732 NaN
27.362777 -74.368632 NaN
27.385338 -74.356346 NaN
27.408043 -74.343872 NaN
27.430891 -74.331205 NaN
27.453884 -74.318344 NaN
27.477020 -74.305284 NaN
27.500300 -74.292021 NaN
27.523725 -74.278553 NaN
27.547293 -74.264875 NaN
27.571005 -74.250984 NaN
27.594861 -74.236876 NaN
27.618900 -74.222561 NaN
27.643159 -74.208053 NaN
27.667640 -74.193346 NaN
27.692342 -74.178435 NaN
27.717265 -74.163318 NaN
27.742411 -74.147989 NaN
27.767778 -74.132444 NaN
27.793369 -74.116677 NaN
27.819182 -74.100686 NaN
27.845218 -74.084463 NaN
27.871479 -74.068005 NaN
27.897964 -74.051307 NaN
27.924673 -74.034363 NaN
27.951609 -74.017167 NaN
27.978770 -73.999715 NaN
28.006158 -73.982000 NaN
28.033774 -73.964018 NaN
28.061618 -73.945762 NaN
28.089690 -73.927225 NaN
28.117993 -73.908403 NaN
28.146526 -73.889288 NaN
28.175290 -73.869874 NaN
28.204288 -73.850155 NaN
28.233518 -73.830123 NaN
28.262983 -73.809772 NaN
28.292683 -73.789094 NaN
28.322620 -73.768083 NaN
28.352795 -73.746729 NaN
28.383209 -73.725027 NaN
28.413864 -73.702967 NaN
28.444810 -73.680585 NaN
28.476097 -73.657915 NaN
28.507728 -73.634948 NaN
28.539702 -73.611677 NaN
28.572020 -73.588093 NaN
28.604682 -73.564186 NaN
28.637691 -73.539947 NaN
18.967485 -81.403550 NaN
19.029011 -81.375935 NaN
19.089661 -81.348753 NaN
19.149445 -81.321999 NaN
19.208374 -81.295669 NaN
19.266546 -81.269711 NaN
19.324056 -81.244074 NaN
19.380907 -81.218757 NaN
19.437102 -81.193758 NaN
19.492645 -81.169077 NaN
19.547539 -81.144710 NaN
19.601789 -81.120657 NaN
19.655399 -81.096915 NaN
19.708373 -81.073483 NaN
19.760716 -81.050358 NaN
19.812433 -81.027538 NaN
19.863528 -81.005021 NaN
19.914007 -80.982805 NaN
19.963875 -80.960887 NaN
20.013137 -80.939266 NaN
20.061798 -80.917939 NaN
20.109865 -80.896903 NaN
20.157343 -80.876156 NaN
20.204236 -80.855696 NaN
20.250552 -80.835520 NaN
20.296297 -80.815625 NaN
20.341475 -80.796010 NaN
20.386093 -80.776671 NaN
20.430156 -80.757606 NaN
20.473672 -80.738813 NaN
20.516645 -80.720288 NaN
20.559082 -80.702030 NaN
20.600990 -80.684035 NaN
20.642373 -80.666302 NaN
20.683238 -80.648827 NaN
20.723654 -80.631575 NaN
20.763686 -80.614513 NaN
20.803334 -80.597639 NaN
20.842598 -80.580954 NaN
20.881480 -80.564457 NaN
20.919982 -80.548147 NaN
20.958103 -80.532023 NaN
20.995845 -80.516085 NaN
21.033211 -80.500332 NaN
21.070201 -80.484763 NaN
21.106818 -80.469377 NaN
21.143064 -80.454172 NaN
21.178940 -80.439149 NaN
21.214448 -80.424306 NaN
21.249592 -80.409642 NaN
21.284373 -80.395155 NaN
21.318794 -80.380846 NaN
21.352858 -80.366711 NaN
21.386566 -80.352751 NaN
21.419922 -80.338964 NaN
21.452929 -80.325349 NaN
21.485589 -80.311905 NaN
21.517905 -80.298630 NaN
21.549881 -80.285522 NaN
21.581519 -80.272582 NaN
21.612822 -80.259807 NaN
21.643794 -80.247196 NaN
21.674437 -80.234747 NaN
21.704754 -80.222460 NaN
21.734750 -80.210333 NaN
21.764475 -80.198337 NaN
21.793978 -80.186443 NaN
21.823258 -80.174654 NaN
21.852312 -80.162970 NaN
21.881141 -80.151392 NaN
21.909743 -80.139921 NaN
21.938117 -80.128557 NaN
21.966263 -80.117300 NaN
21.994180 -80.106152 NaN
22.021869 -80.095114 NaN
22.049329 -80.084184 NaN
22.076560 -80.073365 NaN
22.103563 -80.062655 NaN
22.130337 -80.052056 NaN
22.156883 -80.041567 NaN
22.183202 -80.031189 NaN
22.209295 -80.020922 NaN
22.235161 -80.010765 NaN
22.260803 -80.000720 NaN
22.286220 -79.990786 NaN
22.311415 -79.980962 NaN
22.336387 -79.971249 NaN
22.361140 -79.961647 NaN
22.385673 -79.952155 NaN
22.409988 -79.942773 NaN
22.434088 -79.933502 NaN
22.457972 -79.924341 NaN
22.481644 -79.915289 NaN
22.505104 -79.906346 NaN
22.528355 -79.897512 NaN
22.551443 -79.888746 NaN
22.574409 -79.880008 NaN
22.597252 -79.871303 NaN
22.619966 -79.862634 NaN
22.642548 -79.854006 NaN
22.664995 -79.845423 NaN
22.687304 -79.836889 NaN
22.709473 -79.828406 NaN
22.731499 -79.819978 NaN
22.753381 -79.811609 NaN
22.775116 -79.803302 NaN
22.796702 -79.795060 NaN
22.818139 -79.786885 NaN
22.839426 -79.778781 NaN
22.860560 -79.770750 NaN
22.881543 -79.762796 NaN
22.902372 -79.754919 NaN
22.923049 -79.747124 NaN
22.943572 -79.739412 NaN
22.963942 -79.731785 NaN
22.984159 -79.724246 NaN
23.004223 -79.716796 NaN
23.024136 -79.709439 NaN
23.043897 -79.702174 NaN
23.063508 -79.695006 NaN
23.082970 -79.687934 NaN
23.102283 -79.680961 NaN
23.121450 -79.674089 NaN
23.140471 -79.667319 NaN
23.159348 -79.660653 NaN
23.178112 -79.654045 NaN
23.196793 -79.647450 NaN
23.215389 -79.640868 NaN
23.233901 -79.634299 NaN
23.252327 -79.627743 NaN
23.270668 -79.621201 NaN
23.288922 -79.614673 NaN
23.307089 -79.608158 NaN
23.325169 -79.601659 NaN
23.343161 -79.595173 NaN
23.361065 -79.588702 NaN
23.378880 -79.582246 NaN
23.396606 -79.575805 NaN
23.414243 -79.569380 NaN
23.431790 -79.562969 NaN
23.449247 -79.556575 NaN
23.466614 -79.550196 NaN
23.483890 -79.543832 NaN
23.501074 -79.537485 NaN
23.518168 -79.531154 NaN
23.535170 -79.524840 NaN
23.552081 -79.518541 NaN
23.568900 -79.512259 NaN
23.585626 -79.505994 NaN
23.602260 -79.499746 NaN
23.618802 -79.493515 NaN
23.635251 -79.487300 NaN
23.651608 -79.481103 NaN
23.667871 -79.474922 NaN
23.684042 -79.468759 NaN
23.700126 -79.462639 NaN
23.716132 -79.456586 NaN
23.732062 -79.450594 NaN
23.747918 -79.444662 NaN
23.763702 -79.438786 NaN
23.779414 -79.432962 NaN
23.795057 -79.427187 NaN
23.810632 -79.421457 NaN
23.826140 -79.415771 NaN
23.841581 -79.410123 NaN
23.856957 -79.404513 NaN
23.872269 -79.398936 NaN
23.887517 -79.393389 NaN
23.902701 -79.387871 NaN
23.917821 -79.382378 NaN
23.932879 -79.376908 NaN
23.947874 -79.371458 NaN
23.962806 -79.366025 NaN
23.977674 -79.360607 NaN
23.992479 -79.355203 NaN
24.007220 -79.349808 NaN
24.021896 -79.344422 NaN
24.036507 -79.339041 NaN
24.051053 -79.333664 NaN
24.065532 -79.328289 NaN
24.079943 -79.322913 NaN
24.094286 -79.317534 NaN
24.108558 -79.312151 NaN
24.122760 -79.306762 NaN
24.136889 -79.301364 NaN
24.150960 -79.295971 NaN
24.164988 -79.290597 NaN
24.178973 -79.285241 NaN
24.192914 -79.279901 NaN
24.206813 -79.274576 NaN
24.220669 -79.269266 NaN
24.234482 -79.263970 NaN
24.248253 -79.258686 NaN
24.261980 -79.253414 NaN
24.275664 -79.248153 NaN
24.289304 -79.242901 NaN
24.302901 -79.237659 NaN
24.316454 -79.232425 NaN
24.329962 -79.227199 NaN
24.343425 -79.221979 NaN
24.356843 -79.216765 NaN
24.370216 -79.211557 NaN
24.383542 -79.206352 NaN
24.396821 -79.201152 NaN
24.410052 -79.195955 NaN
24.423235 -79.190760 NaN
24.436369 -79.185568 NaN
24.449453 -79.180376 NaN
24.462487 -79.175185 NaN
24.475469 -79.169994 NaN
24.488400 -79.164803 NaN
24.501276 -79.159611 NaN
24.514099 -79.154417 NaN
24.526867 -79.149221 NaN
24.539578 -79.144023 NaN
24.552248 -79.138822 NaN
24.564891 -79.133617 NaN
24.577507 -79.128408 NaN
24.590095 -79.123195 NaN
24.602656 -79.117978 NaN
24.615188 -79.112757 NaN
24.627691 -79.107531 NaN
24.640165 -79.102300 NaN
24.652609 -79.097064 NaN
24.665023 -79.091824 NaN
24.677406 -79.086578 NaN
24.689757 -79.081327 NaN
24.702076 -79.076071 NaN
24.714363 -79.070809 NaN
24.726617 -79.065542 NaN
24.738836 -79.060269 NaN
24.751021 -79.054990 NaN
24.763170 -79.049705 NaN
24.775284 -79.044415 NaN
24.787360 -79.039119 NaN
24.799400 -79.033817 NaN
24.811400 -79.028509 NaN
24.823362 -79.023195 NaN
24.835284 -79.017875 NaN
24.847165 -79.012549 NaN
24.859005 -79.007217 NaN
24.870802 -79.001879 NaN
24.882556 -78.996536 NaN
24.894265 -78.991186 NaN
24.905929 -78.985831 NaN
24.917562 -78.980464 NaN
24.929178 -78.975079 NaN
24.940776 -78.969678 NaN
24.952356 -78.964259 NaN
24.963916 -78.958823 NaN
24.975457 -78.953371 NaN
24.986977 -78.947902 NaN
24.998476 -78.942417 NaN
25.009953 -78.936916 NaN
25.021407 -78.931398 NaN
25.032839 -78.925865 NaN
25.044246 -78.920317 NaN
25.055629 -78.914753 NaN
25.066987 -78.909173 NaN
25.078318 -78.903579 NaN
25.089622 -78.897970 NaN
25.100899 -78.892347 NaN
25.112147 -78.886709 NaN
25.123365 -78.881057 NaN
25.134554 -78.875391 NaN
25.145711 -78.869711 NaN
25.156837 -78.864019 NaN
25.167930 -78.858313 NaN
25.178990 -78.852594 NaN
25.190016 -78.846863 NaN
25.201006 -78.841119 NaN
25.211960 -78.835363 NaN
25.222877 -78.829595 NaN
25.233756 -78.823816 NaN
25.244596 -78.818026 NaN
25.255411 -78.812216 NaN
25.266214 -78.806378 NaN
25.277005 -78.800514 NaN
25.287783 -78.794622 NaN
25.298546 -78.788705 NaN
25.309294 -78.782761 NaN
25.320027 -78.776791 NaN
25.330743 -78.770796 NaN
25.341442 -78.764776 NaN
25.352123 -78.758731 NaN
25.362785 -78.752662 NaN
25.373427 -78.746569 NaN
25.384048 -78.740452 NaN
25.394647 -78.734312 NaN
25.405224 -78.728149 NaN
25.415778 -78.721964 NaN
25.426308 -78.715756 NaN
25.436813 -78.709527 NaN
25.447291 -78.703277 NaN
25.457743 -78.697005 NaN
25.468168 -78.690713 NaN
25.478563 -78.684401 NaN
25.488929 -78.678069 NaN
25.499265 -78.671718 NaN
25.509569 -78.665347 NaN
25.519841 -78.658958 NaN
25.530079 -78.652551 NaN
25.540283 -78.646126 NaN
25.550453 -78.639683 NaN
25.560586 -78.633224 NaN
25.570696 -78.626738 NaN
25.580798 -78.620217 NaN
25.590890 -78.613660 NaN
25.600971 -78.607069 NaN
25.611040 -78.600443 NaN
25.621097 -78.593784 NaN
25.631140 -78.587091 NaN
25.641168 -78.580365 NaN
25.651182 -78.573607 NaN
25.661178 -78.566817 NaN
25.671157 -78.559996 NaN
25.681118 -78.553143 NaN
25.691059 -78.546260 NaN
25.700980 -78.539347 NaN
25.710880 -78.532404 NaN
25.720757 -78.525432 NaN
25.730611 -78.518431 NaN
25.740441 -78.511402 NaN
25.750245 -78.504345 NaN
25.760023 -78.497261 NaN
25.769774 -78.490150 NaN
25.779496 -78.483013 NaN
25.789189 -78.475850 NaN
25.798852 -78.468661 NaN
25.808483 -78.461448 NaN
25.818082 -78.454210 NaN
25.827648 -78.446948 NaN
25.837179 -78.439663 NaN
25.846675 -78.432355 NaN
25.856134 -78.425025 NaN
25.865571 -78.417662 NaN
25.875000 -78.410256 NaN
25.884420 -78.402809 NaN
25.893829 -78.395320 NaN
25.903228 -78.387791 NaN
25.912614 -78.380221 NaN
25.921987 -78.372612 NaN
25.931345 -78.364963 NaN
25.940687 -78.357276 NaN
25.950012 -78.349551 NaN
25.959319 -78.341788 NaN
25.968608 -78.333988 NaN
25.977876 -78.326151 NaN
25.987122 -78.318279 NaN
25.996346 -78.310371 NaN
26.005546 -78.302428 NaN
26.014722 -78.294451 NaN
26.023871 -78.286440 NaN
26.032994 -78.278396 NaN
26.042088 -78.270319 NaN
26.051153 -78.262209 NaN
26.060187 -78.254068 NaN
26.069190 -78.245896 NaN
26.078159 -78.237693 NaN
26.087095 -78.229460 NaN
26.095996 -78.221198 NaN
26.104860 -78.212906 NaN
26.113686 -78.204586 NaN
26.122474 -78.196238 NaN
26.131222 -78.187863 NaN
26.139947 -78.179450 NaN
26.148663 -78.170988 NaN
26.157369 -78.162480 NaN
26.166065 -78.153925 NaN
26.174749 -78.145324 NaN
26.183419 -78.136677 NaN
26.192074 -78.127985 NaN
26.200713 -78.119249 NaN
26.209334 -78.110469 NaN
26.217937 -78.101646 NaN
26.226519 -78.092781 NaN
26.235079 -78.083874 NaN
26.243616 -78.074925 NaN
26.252129 -78.065936 NaN
26.260617 -78.056906 NaN
26.269077 -78.047837 NaN
26.277509 -78.038729 NaN
26.285911 -78.029582 NaN
26.294281 -78.020398 NaN
26.302620 -78.011176 NaN
26.310924 -78.001918 NaN
26.319193 -77.992623 NaN
26.327426 -77.983293 NaN
26.335620 -77.973928 NaN
26.343776 -77.964528 NaN
26.351890 -77.955095 NaN
26.359963 -77.945628 NaN
26.367992 -77.936128 NaN
26.375976 -77.926597 NaN
26.383914 -77.917033 NaN
26.391824 -77.907428 NaN
26.399727 -77.897770 NaN
26.407619 -77.888061 NaN
26.415499 -77.878301 NaN
26.423366 -77.868491 NaN
26.431218 -77.858632 NaN
26.439052 -77.848724 NaN
26.446868 -77.838768 NaN
26.454664 -77.828764 NaN
26.462437 -77.818714 NaN
31.525905 -83.904251 NaN
31.468053 -83.836644 NaN
31.410810 -83.770133 NaN
31.354177 -83.704719 NaN
31.298151 -83.640406 NaN
31.242732 -83.577194 NaN
31.187915 -83.515084 NaN
31.133699 -83.454073 NaN
31.080078 -83.394161 NaN
31.027048 -83.335346 NaN
30.974605 -83.277622 NaN
30.922741 -83.220987 NaN
30.871452 -83.165436 NaN
30.820730 -83.110964 NaN
30.770568 -83.057566 NaN
30.720958 -83.005234 NaN
30.671894 -82.953963 NaN
30.623313 -82.903511 NaN
30.575165 -82.853641 NaN
30.527448 -82.804349 NaN
30.480165 -82.755634 NaN
30.433315 -82.707493 NaN
30.386900 -82.659923 NaN
30.340918 -82.612921 NaN
30.295370 -82.566485 NaN
30.250256 -82.520610 NaN
30.205576 -82.475294 NaN
30.161328 -82.430534 NaN
30.117513 -82.386325 NaN
30.074129 -82.342665 NaN
30.031175 -82.299549 NaN
29.988651 -82.256974 NaN
29.946554 -82.214935 NaN
29.904884 -82.173430 NaN
29.863639 -82.132453 NaN
29.822817 -82.092001 NaN
29.782417 -82.052070 NaN
29.742436 -82.012655 NaN
29.702873 -81.973752 NaN
29.663726 -81.935357 NaN
29.624992 -81.897466 NaN
29.586670 -81.860074 NaN
29.548757 -81.823176 NaN
29.511250 -81.786768 NaN
29.474148 -81.750847 NaN
29.437447 -81.715406 NaN
29.401145 -81.680443 NaN
29.365196 -81.646041 NaN
29.329552 -81.612275 NaN
29.294209 -81.579122 NaN
29.259164 -81.546561 NaN
29.224412 -81.514573 NaN
29.189952 -81.483136 NaN
29.155779 -81.452234 NaN
29.121893 -81.421847 NaN
29.088289 -81.391960 NaN
29.054968 -81.362554 NaN
29.021926 -81.333614 NaN
28.989163 -81.305124 NaN
28.956677 -81.277071 NaN
28.924468 -81.249439 NaN
28.892534 -81.222214 NaN
28.860876 -81.195384 NaN
28.829494 -81.168936 NaN
28.798386 -81.142857 NaN
28.767554 -81.117136 NaN
28.736997 -81.091760 NaN
28.706717 -81.066720 NaN
28.676714 -81.042005 NaN
28.646989 -81.017604 NaN
28.617542 -80.993507 NaN
28.588376 -80.969705 NaN
28.559492 -80.946188 NaN
28.530890 -80.922949 NaN
28.502573 -80.899978 NaN
28.474543 -80.877267 NaN
28.446801 -80.854808 NaN
28.419299 -80.832638 NaN
28.391987 -80.810794 NaN
28.364864 -80.789269 NaN
28.337930 -80.768055 NaN
28.311184 -80.747148 NaN
28.284625 -80.726539 NaN
28.258254 -80.706224 NaN
28.232070 -80.686196 NaN
28.206072 -80.666450 NaN
28.180260 -80.646980 NaN
28.154634 -80.627780 NaN
28.129195 -80.608845 NaN
28.103941 -80.590170 NaN
28.078873 -80.571750 NaN
28.053991 -80.553581 NaN
28.029294 -80.535657 NaN
28.004784 -80.517974 NaN
27.980460 -80.500527 NaN
27.956323 -80.483312 NaN
27.932372 -80.466326 NaN
27.908608 -80.449563 NaN
27.885031 -80.433020 NaN
27.861642 -80.416692 NaN
27.838441 -80.400577 NaN
27.815429 -80.384670 NaN
27.792606 -80.368969 NaN
27.769972 -80.353468 NaN
27.747529 -80.338165 NaN
27.725276 -80.323057 NaN
27.703215 -80.308141 NaN
27.681309 -80.293418 NaN
27.659523 -80.278893 NaN
27.637858 -80.264562 NaN
27.616313 -80.250423 NaN
27.594889 -80.236473 NaN
27.573586 -80.222708 NaN
27.552404 -80.209128 NaN
27.531344 -80.195728 NaN
27.510407 -80.182506 NaN
27.489591 -80.169461 NaN
27.468898 -80.156589 NaN
27.448328 -80.143888 NaN
27.427881 -80.131357 NaN
27.407559 -80.118992 NaN
27.387360 -80.106792 NaN
27.367286 -80.094754 NaN
27.347337 -80.082878 NaN
27.327514 -80.071159 NaN
27.307816 -80.059597 NaN
27.288245 -80.048190 NaN
27.268800 -80.036936 NaN
27.249483 -80.025832 NaN
27.230293 -80.014878 NaN
27.211232 -80.004071 NaN
27.192299 -79.993410 NaN
27.173496 -79.982893 NaN
27.154823 -79.972518 NaN
27.136280 -79.962284 NaN
27.117867 -79.952190 NaN
27.099587 -79.942233 NaN
27.081409 -79.932409 NaN
27.063306 -79.922713 NaN
27.045278 -79.913144 NaN
27.027327 -79.903700 NaN
27.009452 -79.894380 NaN
26.991655 -79.885183 NaN
26.973935 -79.876108 NaN
26.956294 -79.867154 NaN
26.938732 -79.858320 NaN
26.921250 -79.849605 NaN
26.903848 -79.841007 NaN
26.886527 -79.832526 NaN
26.869287 -79.824160 NaN
26.852130 -79.815909 NaN
26.835055 -79.807772 NaN
26.818063 -79.799748 NaN
26.801155 -79.791835 NaN
26.784332 -79.784034 NaN
26.767594 -79.776342 NaN
26.750941 -79.768760 NaN
26.734375 -79.761287 NaN
26.717895 -79.753921 NaN
26.701503 -79.746662 NaN
26.685199 -79.739509 NaN
26.668983 -79.732462 NaN
26.652857 -79.725519 NaN
26.636820 -79.718680 NaN
26.620874 -79.711944 NaN
26.605018 -79.705311 NaN
26.589254 -79.698780 NaN
26.573558 -79.692343 NaN
26.557906 -79.685993 NaN
26.542300 -79.679730 NaN
26.526739 -79.673553 NaN
26.511224 -79.667462 NaN
26.495757 -79.661456 NaN
26.480338 -79.655536 NaN
26.464968 -79.649699 NaN
