2.84744784713237e+16
2.83191364545544e+16
2.85015922687206e+16
2.82753306716862e+16
2.84780145435281e+16
2.88479761384440e+16
2.80877467564499e+16
2.80751029131440e+16
2.86100993699811e+16
2.80151242671722e+16
2.80686954194938e+16
2.79227363154153e+16
2.82366980560269e+16
2.79229671808818e+16
2.74894496601597e+16
2.85576531908056e+16
2.78259533690177e+16
2.77769390534384e+16
2.79285672975877e+16
2.63706517598229e+16
2.68575637682305e+16
2.71078169005760e+16
2.71009467157686e+16
2.67338062670901e+16
2.71136093483969e+16
2.68389658966571e+16
2.80706002089362e+16
2.78940371034021e+16
2.79081951923565e+16
2.83151077125939e+16
2.83027255611291e+16
2.83840947224972e+16
2.74357772437744e+16
2.77937846922595e+16
2.79983097592793e+16
2.88003884428794e+16
2.90963582451627e+16
3.01532250644769e+16
3.19387712910387e+16
3.06721595942790e+16
3.03110387092547e+16
3.04536849205996e+16
2.97319823142953e+16
2.81254754284971e+16
2.79124287072734e+16
2.68689704968771e+16
2.69313882682571e+16
2.62510929180133e+16
2.58907897140544e+16
2.39370358228244e+16
2.55161988563842e+16
2.39238417586485e+16
2.44385229055946e+16
2.40115052204758e+16
2.39544541673117e+16
2.28571202323984e+16
2.30067501868239e+16
2.22140503028835e+16
2.36030603698110e+16
2.26194237259947e+16
2.31146877186374e+16
2.25114866796997e+16
2.29599692225302e+16
2.06898086159762e+16
2.22128449796927e+16
2.04757025853059e+16
2.20662825672000e+16
2.63654095011031e+16
1.95251362788327e+16
1.93545550438827e+16
2.11145313754783e+16
2.01498126361196e+16
2.01843374078864e+16
1.98520078960764e+16
2.13541495190277e+16
2.87715873332533e+16
2.89723010700384e+16
2.87052828578255e+16
2.84948919442814e+16
2.84564648886140e+16
2.84702223332136e+16
2.88230042447838e+16
2.81833235964879e+16
2.80084464432263e+16
2.82780770216928e+16
2.78241899448077e+16
2.79129628202303e+16
2.84658827601790e+16
2.79819079294231e+16
2.75341982865180e+16
2.79389354105192e+16
2.77427644381024e+16
2.73728214656193e+16
2.74648678645546e+16
2.75612082649946e+16
2.66172426287197e+16
2.76669080017983e+16
2.66145935780585e+16
2.71732946817212e+16
2.73774244334034e+16
2.78567050486589e+16
2.81038178631653e+16
2.70435755651579e+16
2.79163993250362e+16
2.81906568220782e+16
2.83814785745186e+16
2.83822499288905e+16
2.85673467069899e+16
2.82897440638061e+16
2.91366097962767e+16
2.97314207739224e+16
3.01572424086467e+16
3.07335363668365e+16
3.05046786473216e+16
3.06772237505249e+16
3.02313208724653e+16
2.94970663067648e+16
2.95994064195034e+16
2.77320361280028e+16
2.72892999537207e+16
2.68134782546125e+16
2.64117501107865e+16
2.59417053872331e+16
2.49423489017568e+16
2.58205177200799e+16
2.65016424283573e+16
2.42871856630825e+16
2.42003299054957e+16
2.40877415948966e+16
2.44596468209648e+16
2.28034484408309e+16
2.33875281854177e+16
2.32279583960942e+16
2.36551913721496e+16
2.30226096641768e+16
2.39740190753665e+16
2.21562027387593e+16
2.17520775401311e+16
2.20015280483713e+16
2.17153860014749e+16
2.25451908528256e+16
2.17393807974388e+16
1.98151601166262e+16
1.82379935494251e+16
1.93817268428721e+16
2.16668822801509e+16
2.01034187676210e+16
1.98737897523840e+16
2.00761805683042e+16
1.87905768530264e+16
2.88401658424663e+16
2.84573309397761e+16
2.82914303991048e+16
2.81184298866937e+16
2.82057027252748e+16
2.86086157674050e+16
2.83997917837937e+16
2.87347142824343e+16
2.77410765355240e+16
2.79290019186590e+16
2.82923638504578e+16
2.78183913435817e+16
2.78888916850923e+16
2.85444618685385e+16
2.80002226180954e+16
2.80804106167155e+16
2.76617708787837e+16
2.84790502471556e+16
2.80101162459675e+16
2.72618330114590e+16
2.71346996019122e+16
2.67464963587028e+16
2.67021213249028e+16
2.73313611472155e+16
2.62360684307628e+16
2.60220641555458e+16
2.75730542383218e+16
2.75120312542820e+16
2.72184170052179e+16
2.76617715353528e+16
2.83256722097371e+16
2.79114019612442e+16
2.88063912972015e+16
2.80609629339060e+16
2.99932997130049e+16
2.99324658794593e+16
2.96177901857462e+16
3.17514547419159e+16
3.19700428927967e+16
3.16053352253374e+16
3.02283724219588e+16
2.96259139364149e+16
2.89821951072290e+16
2.84460122210796e+16
2.65527747695986e+16
2.78657555736206e+16
2.50012120733644e+16
2.55447998906959e+16
2.55491555602349e+16
2.47449852579297e+16
2.47020234852822e+16
2.50834400928969e+16
2.41570645311545e+16
2.34122389789937e+16
2.44137000866551e+16
2.44291562217085e+16
2.28788228943043e+16
2.43128464550979e+16
2.29495268654128e+16
2.27269957572136e+16
2.29500520457945e+16
2.27388695097546e+16
2.41171114440995e+16
2.11524234114101e+16
2.24150199993586e+16
2.17040337576296e+16
2.12113379919630e+16
2.22696842626208e+16
2.28126506841801e+16
2.31515411165821e+16
2.39786650955970e+16
1.99288259231597e+16
2.06529497669408e+16
2.05428777577320e+16
2.01803033866386e+16
2.85718177018811e+16
2.85528883794841e+16
2.83102641907018e+16
2.86572650913856e+16
2.83261202193968e+16
2.84120741616874e+16
2.78059867939362e+16
2.80793200776048e+16
2.84195875543112e+16
2.76474551178384e+16
2.80594208768216e+16
2.79261343847218e+16
2.78989668224966e+16
2.81023069620236e+16
2.69955134485440e+16
2.74075988515740e+16
2.76959408234237e+16
2.77977226454548e+16
2.75143893166470e+16
2.66868696315757e+16
2.70619953230213e+16
2.62531863304543e+16
2.70774015292924e+16
2.63441939948105e+16
2.63357561493970e+16
2.58651407495477e+16
2.64954412633447e+16
2.73167584994068e+16
2.66964850181819e+16
2.69867655901422e+16
2.78752236593245e+16
2.73409285589419e+16
2.85829459286637e+16
2.86819766699999e+16
3.00218235189850e+16
2.96789801292985e+16
3.12302448739395e+16
3.20133743734475e+16
3.11570669956255e+16
3.13166913894053e+16
2.97143594329223e+16
3.06708989512197e+16
2.92219751583433e+16
2.82459986513789e+16
2.74311426155854e+16
2.61466388795842e+16
2.60985279963926e+16
2.58908166383933e+16
2.73695062656546e+16
2.50100398143154e+16
2.51725942506958e+16
2.37060804469330e+16
2.34289030204134e+16
2.40735913046123e+16
2.43387683939330e+16
2.39226836370365e+16
2.29629900096965e+16
2.21911503686687e+16
2.47530079409734e+16
2.25483014083030e+16
2.30472586397601e+16
2.32383482766072e+16
2.37005833600051e+16
2.09485749677510e+16
2.24364416659808e+16
2.18915091862032e+16
2.14395609846854e+16
2.19282854252014e+16
2.05837343957670e+16
1.92554675358840e+16
1.82476220119600e+16
1.92492114480484e+16
2.03125722918422e+16
2.09064974210880e+16
1.93803046118972e+16
2.81909564468233e+16
2.80158643448662e+16
2.81659051454307e+16
2.81959264567340e+16
2.78869986188386e+16
2.75728220699315e+16
2.74867206323802e+16
2.78113279132642e+16
2.76520660792245e+16
2.79883357581782e+16
2.77040789383728e+16
2.75654193743041e+16
2.73619111193960e+16
2.76078134887763e+16
2.76445339992261e+16
2.68157759102430e+16
2.72108158651357e+16
2.72416835964971e+16
2.69485738898286e+16
2.73444211328331e+16
2.74570623193218e+16
2.66069882448528e+16
2.67982844795358e+16
2.73251909018313e+16
2.63613648793547e+16
2.69357825949747e+16
2.67981268217045e+16
2.68386538154017e+16
2.70677088808961e+16
2.71260708453052e+16
2.78734065117209e+16
2.75168870883645e+16
2.78218205467080e+16
2.97904611131762e+16
2.97902392629399e+16
3.17592210634306e+16
3.16515499780315e+16
3.23338492934825e+16
3.17886278204556e+16
3.06164075170127e+16
2.96573551368428e+16
3.02367525769476e+16
2.75539283286569e+16
2.69854535988641e+16
2.66748553043983e+16
2.62764005163402e+16
2.59368572890972e+16
2.56810544578475e+16
2.46845805281088e+16
2.43505790657483e+16
2.52884422333798e+16
2.41771474173444e+16
2.38751501239283e+16
2.29022383686805e+16
2.44148678153906e+16
2.47411752060229e+16
2.34140087882488e+16
2.30842030699761e+16
2.23169214394748e+16
2.52878475973012e+16
2.37328538255185e+16
2.21119411429653e+16
2.18082649234761e+16
2.18559712143381e+16
2.35851634581037e+16
2.18254475155186e+16
2.05709423146467e+16
2.11720606091839e+16
2.15638072399504e+16
2.17124623502396e+16
2.08561970198820e+16
2.01717738651453e+16
2.09515229130424e+16
2.07645733708584e+16
1.97556086790355e+16
2.83169935486156e+16
2.83024538224193e+16
2.81938608427827e+16
2.81751538452592e+16
2.81018114115041e+16
2.84028027797264e+16
2.79968645303333e+16
2.79844201877544e+16
2.74925570296862e+16
2.75447071570972e+16
2.74950830764287e+16
2.79033308779840e+16
2.75239220023468e+16
2.74765015773284e+16
2.78678238622845e+16
2.75585067855934e+16
2.76360866995737e+16
2.76166645303091e+16
2.68362131429789e+16
2.73809330415943e+16
2.75828282937487e+16
2.73181118907488e+16
2.75603025140698e+16
2.72661240909703e+16
2.75629218433567e+16
2.62243369445786e+16
2.68950327247946e+16
2.63467763504423e+16
2.57439992595075e+16
2.69304112654910e+16
2.71218673318082e+16
2.76398797404484e+16
2.80616869232365e+16
2.97792185357272e+16
2.98167155204552e+16
3.19929155725302e+16
3.10263860413229e+16
3.30172507135896e+16
3.23204840372100e+16
3.14984015082644e+16
3.02622984743765e+16
2.98367895531342e+16
2.83500270747357e+16
2.70665326768844e+16
2.78387720332088e+16
2.61941909767863e+16
2.55850045577786e+16
2.69492229120350e+16
2.54015452323377e+16
2.52564782276380e+16
2.67512398587109e+16
2.47101741086334e+16
2.42487519144417e+16
2.57736737371934e+16
2.34165678381768e+16
2.37687159261346e+16
2.40798298443081e+16
2.43961700018803e+16
2.30304219957890e+16
2.26906969229292e+16
2.61321690647856e+16
2.35934888605679e+16
2.35824545087032e+16
2.27584703653990e+16
2.36214753939769e+16
2.17194694137826e+16
2.21374651948231e+16
2.07870204830186e+16
2.13787839248653e+16
2.11059387682066e+16
1.97614982314529e+16
2.23337171268811e+16
2.51676812914277e+16
1.99556468054521e+16
1.93979385257038e+16
2.83795591219224e+16
2.79033648110948e+16
2.81094178883863e+16
2.78853104729452e+16
2.78581431165252e+16
2.78903055981888e+16
2.77514902491125e+16
2.75656945207407e+16
2.73984577080989e+16
2.76446617394614e+16
2.74462163706986e+16
2.64785081797768e+16
2.76728866594677e+16
2.73679147426407e+16
2.74330798110668e+16
2.78519299448648e+16
2.69824425461837e+16
2.78002095754132e+16
2.76147194287365e+16
2.72406033282360e+16
2.70139791332114e+16
2.66061287959739e+16
2.69277190593539e+16
2.68653261613551e+16
2.68740201643176e+16
2.68384929803967e+16
2.69992322471127e+16
2.57968990960621e+16
2.60287879652565e+16
2.65309012011724e+16
2.73396036876083e+16
2.75218938934918e+16
2.84921320083737e+16
2.98584502551953e+16
3.07352100225882e+16
3.18206345888418e+16
3.29690976936508e+16
3.29695433451769e+16
3.13816961676244e+16
3.11013069907441e+16
2.88891593391590e+16
2.87906579473330e+16
2.79712674699928e+16
2.72823961798554e+16
2.68195893286688e+16
2.54991983107183e+16
2.58046445097357e+16
2.57061664888422e+16
2.51749522673936e+16
2.48781382792997e+16
2.49450630591853e+16
2.39323638078851e+16
2.45040719668972e+16
2.40951552220200e+16
2.46353181518067e+16
2.50267476367045e+16
2.38890236091662e+16
2.36759245045828e+16
2.38709157479254e+16
2.28897749687559e+16
2.21922935157454e+16
2.23348512557099e+16
2.27350409349887e+16
2.21328532418957e+16
2.13485830943873e+16
2.08443563617833e+16
2.27546342122895e+16
2.21980772093095e+16
2.08769993076169e+16
2.19739761356168e+16
2.17381078761793e+16
2.04484141310875e+16
1.91792772358934e+16
1.68203645967499e+16
1.90429835516018e+16
2.86451732508569e+16
2.85487148564919e+16
2.85793515050751e+16
2.81911842527308e+16
2.80942272624389e+16
2.80370739846515e+16
2.80979587415207e+16
2.82550891958475e+16
2.80934681262376e+16
2.79761725875031e+16
2.82321733741800e+16
2.82128579044644e+16
2.67278306849249e+16
2.79526943235466e+16
2.76894670248133e+16
2.78798700081651e+16
2.75665619985597e+16
2.74470240073010e+16
2.82389735436135e+16
2.76711503954721e+16
2.74810107455213e+16
2.77889734998807e+16
2.78452392329584e+16
2.71786012890760e+16
2.69466216007284e+16
2.68292997670672e+16
2.66244662699322e+16
2.61226954124440e+16
2.70940464978499e+16
2.65412493893814e+16
2.81272280659545e+16
2.82622242936632e+16
2.85116839855790e+16
2.98465281153920e+16
3.18735210903545e+16
3.18509572657306e+16
3.34072166134508e+16
3.34069762303276e+16
3.22027410150700e+16
3.18426814448491e+16
2.96189936400526e+16
2.94989251855358e+16
2.82158677323970e+16
2.69830596289422e+16
2.75143021734952e+16
2.73751095398532e+16
2.61546245327913e+16
2.55312787529224e+16
2.58877104154348e+16
2.44521963752625e+16
2.51765071199231e+16
2.46939411010091e+16
2.65600105096499e+16
2.47171310001047e+16
2.50080193686271e+16
2.41729252940757e+16
2.38346600432525e+16
2.36220599395334e+16
2.33350049471353e+16
2.37048415359810e+16
2.33752583356377e+16
2.29623336532404e+16
2.14376614599416e+16
2.32366013735799e+16
2.32052458819831e+16
2.34164021238546e+16
2.24653473088845e+16
2.16153025528345e+16
2.16488271610348e+16
2.20965540883259e+16
2.03088728463445e+16
2.19668551820773e+16
2.22797573150599e+16
2.16495186841704e+16
2.26200276690334e+16
2.77854139130130e+16
2.84417524903156e+16
2.82303554036591e+16
2.82323453086685e+16
2.84362566362641e+16
2.83600472222424e+16
2.83874878205155e+16
2.81932691206696e+16
2.83163333349468e+16
2.79987915864934e+16
2.82766865227276e+16
2.81244193129951e+16
2.83546795668342e+16
2.74829059993421e+16
2.83712622563205e+16
2.78110667872826e+16
2.80840157654514e+16
2.75039989532154e+16
2.80555729461681e+16
2.68439389415273e+16
2.75846180103473e+16
2.74656643729225e+16
2.67826001894788e+16
2.65926368955859e+16
2.74493871214530e+16
2.70606869237344e+16
2.75499042962215e+16
2.66681424548187e+16
2.78278876978101e+16
2.73601605111670e+16
2.84108643219584e+16
2.76459029140430e+16
2.90976646991753e+16
3.12851005701077e+16
3.19644425415377e+16
3.29580341637005e+16
3.35222842762135e+16
3.28115807041499e+16
3.23541287827375e+16
3.17281746786597e+16
2.93782951876702e+16
2.93084592878110e+16
2.77520361492102e+16
2.67145462696725e+16
2.78219347807278e+16
2.69982184070692e+16
2.56651668389908e+16
2.64294390422481e+16
2.58366032916021e+16
2.59625584050075e+16
2.51568310264303e+16
2.64605631226438e+16
2.51563408681652e+16
2.40432904798828e+16
2.53070239863243e+16
2.47273090338208e+16
2.35099303028235e+16
2.35782021706424e+16
2.38074858048928e+16
2.36576331056872e+16
2.35964911952501e+16
2.35941370977733e+16
2.36210740118606e+16
2.12708632792313e+16
2.23489506288457e+16
2.25252130576051e+16
2.17262822451955e+16
2.14094838835981e+16
2.33099886900924e+16
2.17534406126930e+16
2.27156807588102e+16
2.16270664263722e+16
2.12448313667405e+16
2.03169286227135e+16
1.96598049038349e+16
2.88348826724371e+16
2.88536432723729e+16
2.88501294054849e+16
2.86688004160726e+16
2.83577339859150e+16
2.83809827895949e+16
2.84816302552178e+16
2.83571890203610e+16
2.79599918110762e+16
2.79548454198183e+16
2.82025875121194e+16
2.81503117605399e+16
2.80593379526650e+16
2.82795594879198e+16
2.84492375650452e+16
2.81534164069912e+16
2.76429057442722e+16
2.76854443710882e+16
2.77211834221510e+16
2.77064021217055e+16
2.72959726136758e+16
2.75084354905392e+16
2.75230899715729e+16
2.77075378775585e+16
2.80242680211596e+16
2.70260869606830e+16
2.71538545197600e+16
2.69248971962289e+16
2.72731371984559e+16
2.72022972713308e+16
2.87208879731116e+16
2.87450406093030e+16
2.95565976673355e+16
3.11024276048523e+16
3.14106347340554e+16
3.25962593980695e+16
3.28137694317392e+16
3.20054471723306e+16
3.21632246984122e+16
2.99445959901355e+16
2.93606500166524e+16
2.85652059222258e+16
2.80390469033190e+16
2.77747637855417e+16
2.75790826487493e+16
2.59975841276698e+16
2.63368454658852e+16
2.61536121364842e+16
2.56530582847484e+16
2.59538124120169e+16
2.54686524292825e+16
2.55160731664718e+16
2.54320335810145e+16
2.45458629815247e+16
2.64545848901817e+16
2.47944065329279e+16
2.47351441995382e+16
2.42806989356552e+16
2.34487317366759e+16
2.47829023235566e+16
2.29422628832797e+16
2.32228623770289e+16
2.36255959454808e+16
2.41056877745738e+16
2.09847630454046e+16
2.18456193396110e+16
2.14092346940438e+16
2.17395809136910e+16
2.25716802487863e+16
2.11381865028998e+16
2.11312122054776e+16
2.23063276029498e+16
2.14688203713668e+16
2.17324665139635e+16
2.21165121903042e+16
2.84367131222535e+16
2.83398397357898e+16
2.81226806134138e+16
2.79122994000787e+16
2.82270626506692e+16
2.80573677412712e+16
2.80623824513498e+16
2.80550387770482e+16
2.79888630100398e+16
2.79625173880596e+16
2.80406200534861e+16
2.75263306131225e+16
2.80881718169800e+16
2.78582480896560e+16
2.76385653769354e+16
2.81679389386314e+16
2.77665847759866e+16
2.77603399912817e+16
2.70749689839747e+16
2.73195097548559e+16
2.73886818742449e+16
2.78076975009933e+16
2.75878936791388e+16
2.73211978279108e+16
2.70706618067930e+16
2.61197654889196e+16
2.78013327932140e+16
2.75998276020839e+16
2.78055077997168e+16
2.78843580546277e+16
2.87521359520171e+16
2.86256587709195e+16
2.93068597446017e+16
3.09861329041876e+16
3.08707790815965e+16
3.22315835720985e+16
3.15882674397228e+16
3.11773182372387e+16
2.97135730352628e+16
2.96443064946527e+16
2.90055708935367e+16
2.81760631843376e+16
2.80412798735468e+16
2.70717154888116e+16
2.69362167911349e+16
2.63704068546075e+16
2.63011205124488e+16
2.65686250000138e+16
2.62950646182393e+16
2.60077117017622e+16
2.63834069921073e+16
2.49853230159747e+16
2.57966263134269e+16
2.49008803338673e+16
2.53716868594248e+16
2.35119303415124e+16
2.45875877219925e+16
2.49373119954671e+16
2.54700659807773e+16
2.41116261502567e+16
2.35588250168550e+16
2.30609714708607e+16
2.27208480749939e+16
2.24500503308348e+16
2.51605481529890e+16
2.15458902780471e+16
2.15569998075113e+16
2.30823146077510e+16
2.19687226441918e+16
2.10643628415074e+16
2.28878958625759e+16
2.10245729077520e+16
2.19194160511007e+16
2.15728222238967e+16
2.06665238551425e+16
2.81039911046309e+16
2.81434077322344e+16
2.80449538112342e+16
2.84344507400056e+16
2.84032759086355e+16
2.82558513516003e+16
2.76932003113898e+16
2.78864558642077e+16
2.80050834887377e+16
2.80599592857849e+16
2.78921501244493e+16
2.76057010161458e+16
2.80576209366540e+16
2.76163375079309e+16
2.75697365795503e+16
2.75901191326986e+16
2.80434976830112e+16
2.75017369688997e+16
2.76296089474265e+16
2.71362704703266e+16
2.74944118452161e+16
2.72156099671324e+16
2.79721256841702e+16
2.76880389879736e+16
2.69448808821880e+16
2.78174396381223e+16
2.81948807092025e+16
2.80770259788655e+16
2.84504293846990e+16
2.84006293167952e+16
2.88690512402954e+16
2.95242636936472e+16
3.04403445471589e+16
2.98013414616915e+16
3.00072164733021e+16
3.01801344140465e+16
3.10221585703888e+16
3.01838484742179e+16
2.94917846456202e+16
2.93502614139878e+16
2.82560135118190e+16
2.80438478155475e+16
2.75711254393712e+16
2.70074986480832e+16
2.72732822381309e+16
2.73115752142111e+16
2.63565136064302e+16
2.71262888197724e+16
2.60940723120204e+16
2.67975789654481e+16
2.51879714034275e+16
2.55232472899581e+16
2.46784731600774e+16
2.63381610611247e+16
2.50891517790921e+16
2.46909012065533e+16
2.57355202912475e+16
2.49185205979874e+16
2.49581755634824e+16
2.36489469287159e+16
2.47048800995046e+16
2.34639845988839e+16
2.35425567724163e+16
2.23883833014609e+16
2.31255188746552e+16
2.37932210725521e+16
2.18112186754983e+16
2.28071754545761e+16
2.20177782872067e+16
2.15548739167991e+16
2.23057822450228e+16
2.05804979974650e+16
2.14741774388465e+16
2.04473155551052e+16
2.19666921978088e+16
2.81626875130607e+16
2.82234077074280e+16
2.77605580850818e+16
2.81772756610301e+16
2.81571449773082e+16
2.80728508508804e+16
2.79532216789905e+16
2.78900139866816e+16
2.78958096448514e+16
2.78430866591881e+16
2.78017226766947e+16
2.79166081716382e+16
2.78650976475410e+16
2.75905544784165e+16
2.77201967471952e+16
2.73797184079192e+16
2.75264223317281e+16
2.79722072922698e+16
2.71895431251231e+16
2.75386526574060e+16
2.72275231586955e+16
2.75979693047204e+16
2.75414239958454e+16
2.80426820939866e+16
2.66850411567849e+16
2.70969848807223e+16
2.73995387990246e+16
2.66344230989976e+16
2.81680004125175e+16
2.82800744405301e+16
2.95674548016438e+16
3.00399655669267e+16
2.93531888111999e+16
3.10533325900944e+16
3.09724131138566e+16
3.02149661231112e+16
3.04468214803339e+16
2.99693113168114e+16
2.94188917602535e+16
2.82265767588803e+16
2.79987189731519e+16
2.78896028714952e+16
2.74213850154816e+16
2.67398858779836e+16
2.71801619373463e+16
2.70044330318722e+16
2.60668273868055e+16
2.71043919578609e+16
2.55524669751599e+16
2.55758777230870e+16
2.51541976204031e+16
2.64308752037271e+16
2.55613038368045e+16
2.42651119290504e+16
2.42459254220545e+16
2.48308321434941e+16
2.54727562306559e+16
2.37495380081387e+16
2.34432200141870e+16
2.33409237012210e+16
2.28063322911025e+16
2.32636123756407e+16
2.35031448382675e+16
2.39208206827773e+16
2.28565269248879e+16
2.31177806690099e+16
2.24351028171600e+16
2.26902726173396e+16
2.24625133473681e+16
2.23474976157399e+16
2.23707721122553e+16
2.11485230020913e+16
2.24175889724223e+16
2.21990998168963e+16
2.08146606273062e+16
2.78968261453574e+16
2.76625647833588e+16
2.77264766729446e+16
2.77791995363488e+16
2.78264818576931e+16
2.68677326579687e+16
2.66047432652318e+16
2.73860745929704e+16
2.76749011511101e+16
2.75632400504319e+16
2.74987941717857e+16
2.72756255505996e+16
2.72749694554812e+16
2.73172101182589e+16
2.76922299947427e+16
2.74268821284907e+16
2.73486584537655e+16
2.72763969750128e+16
2.77285044225039e+16
2.70358704242037e+16
2.73207719276827e+16
2.70413434547421e+16
2.73936546675755e+16
2.73413578870897e+16
2.62916471656639e+16
2.73005753277427e+16
2.81299200477264e+16
2.80497588055061e+16
2.89302211192544e+16
2.86960404940213e+16
2.87282573193032e+16
2.94893086738666e+16
3.09133538513187e+16
3.04472131098504e+16
2.95152085942612e+16
2.99093121933355e+16
2.98636704953809e+16
2.77961518644814e+16
2.76602923315087e+16
2.78306599712298e+16
2.74832512644774e+16
2.66812987974965e+16
2.71524513163773e+16
2.71467694010758e+16
2.70279693233652e+16
2.58242270292151e+16
2.65438419518149e+16
2.57585002636402e+16
2.64046674816420e+16
2.59968603648077e+16
2.58483489650014e+16
2.53216543112827e+16
2.46139349316685e+16
2.43316211178477e+16
2.42859707125232e+16
2.42433351819838e+16
2.44725321160787e+16
2.47721143406870e+16
2.52773030563680e+16
2.39818039002573e+16
2.33344973156331e+16
2.29616267525326e+16
2.26445560252883e+16
2.34602069554982e+16
2.37581800979197e+16
2.34384426336846e+16
2.24256734790514e+16
2.17266785073574e+16
2.30630970536010e+16
2.22016893362322e+16
2.25468282793524e+16
2.17352117841538e+16
2.20437888028457e+16
2.04902903496290e+16
2.18405855983477e+16
2.80924477989249e+16
2.79736075822891e+16
2.75721146668906e+16
2.76414400303596e+16
2.77386583717634e+16
2.74960893828765e+16
2.79088079234131e+16
2.79042271876359e+16
2.76775351829147e+16
2.72967084812551e+16
2.73904744826849e+16
2.72563587139245e+16
2.73182792795011e+16
2.75096759335447e+16
2.75586415953621e+16
2.72254874378071e+16
2.72274218774367e+16
2.70789224370974e+16
2.71283891656663e+16
2.76399585560419e+16
2.67196857000231e+16
2.71649645558750e+16
2.72545167396795e+16
2.76569046515867e+16
2.74022054562916e+16
2.72903120672268e+16
2.76499481081180e+16
2.83549501415084e+16
2.81646162785071e+16
2.73647200772145e+16
2.93518732742303e+16
2.91327437507224e+16
2.96375297299222e+16
3.12155734671180e+16
2.92996866410202e+16
2.84933958950337e+16
2.85371539876664e+16
2.81313189857772e+16
2.76024629546292e+16
2.76155872513691e+16
2.68992483324963e+16
2.61729195410678e+16
2.68823237220478e+16
2.69359802358088e+16
2.69348844263037e+16
2.68792401213734e+16
2.65243267895722e+16
2.67351501703774e+16
2.63519785172229e+16
2.55450544743108e+16
2.56182731571985e+16
2.54147678733701e+16
2.57357190622158e+16
2.51052411865191e+16
2.48011430510841e+16
2.50126922054730e+16
2.37267024049639e+16
2.45630409070232e+16
2.45891685944458e+16
2.25244942980575e+16
2.42150624702239e+16
2.34534101040755e+16
2.36458994383436e+16
2.24784018928785e+16
2.31485339208636e+16
2.30739471964706e+16
2.27128629083903e+16
2.27416130421768e+16
2.08447909947859e+16
2.36277221796098e+16
2.21529664508036e+16
2.18000190853556e+16
2.25265556840449e+16
2.02903638465902e+16
2.20157196582058e+16
2.80604884615422e+16
2.76325423342164e+16
2.78475337520779e+16
2.78343003940290e+16
2.76104566298968e+16
2.76952363081193e+16
2.76712253571067e+16
2.75388629609628e+16
2.74703590675243e+16
2.76184207514200e+16
2.77731428634678e+16
2.75519944680389e+16
2.74218796157708e+16
2.72206475076693e+16
2.71144434302848e+16
2.69876861592167e+16
2.75958622023312e+16
2.72550512289724e+16
2.73009315234548e+16
2.69986635076894e+16
2.75645230963151e+16
2.68857123837544e+16
2.73279714750012e+16
2.76113843283533e+16
2.75805964897731e+16
2.73046105096374e+16
2.84684155529052e+16
2.84870091953101e+16
2.87322186413218e+16
2.96192914871349e+16
3.04408451580915e+16
2.95497111207424e+16
2.95834593597461e+16
2.95294286093400e+16
2.94827613191145e+16
2.93941076662441e+16
2.83640068294692e+16
2.70957251801017e+16
2.66664665963772e+16
2.64413969814185e+16
2.68310479929612e+16
2.68989191595108e+16
2.59578631676303e+16
2.69137882781080e+16
2.57529505472305e+16
2.69041660738857e+16
2.58758774546969e+16
2.68742840605769e+16
2.66879555999557e+16
2.59168199544012e+16
2.59249360148536e+16
2.53388519936427e+16
2.59765879993868e+16
2.52338244166290e+16
2.52486706749776e+16
2.50725123419024e+16
2.46161146545503e+16
2.50696271226040e+16
2.35815599256904e+16
2.34815170332869e+16
2.50438664721081e+16
2.32793087448077e+16
2.25917776941189e+16
2.40330551564665e+16
2.49474578854926e+16
2.33450274066949e+16
2.24428797003644e+16
2.28321210110535e+16
2.26813411277603e+16
2.11770129008553e+16
2.45619958282644e+16
2.20164184899477e+16
2.20450623316043e+16
2.13051287199217e+16
2.21135109199831e+16